2 1.210938 1.046875 1.209961 1.047852 1.209961 1.051758 1.210938 1.052734 1.211914 1.052734 1.212891 1.053711 1.216797 1.053711 1.216797 1.048828 1.214844 1.046875
2 1.268555 1.044922 1.268555 1.053711 1.275391 1.053711 1.275391 1.047852 1.273438 1.047852 1.272461 1.046875 1.272461 1.045898 1.270508 1.045898 1.269531 1.044922
2 1.242188 1.021484 1.241211 1.022461 1.239258 1.022461 1.239258 1.053711 1.246094 1.053711 1.246094 1.021484
2 1.291016 0.442383 1.291016 0.450195 1.291992 0.451172 1.291992 0.452148 1.292969 0.452148 1.293945 0.451172 1.293945 0.447266 1.292969 0.446289 1.292969 0.445312 1.291992 0.444336 1.291992 0.443359
2 1.206055 0.404297 1.205078 0.405273 1.202148 0.405273 1.202148 0.442383 1.203125 0.443359 1.203125 0.500977 1.204102 0.501953 1.204102 0.502930 1.206055 0.504883 1.206055 0.506836 1.208984 0.509766 1.209961 0.509766 1.209961 0.487305 1.208984 0.486328 1.208984 0.409180 1.208008 0.408203 1.208008 0.404297
2 1.260742 0.402344 1.260742 0.454102 1.261719 0.455078 1.261719 0.465820 1.265625 0.461914 1.266602 0.461914 1.268555 0.459961 1.268555 0.446289 1.267578 0.445312 1.267578 0.405273 1.266602 0.405273 1.265625 0.404297 1.264648 0.404297 1.263672 0.403320 1.261719 0.403320
2 1.237305 0.396484 1.232422 0.396484 1.232422 0.397461 1.231445 0.398438 1.230469 0.398438 1.230469 0.399414 1.231445 0.400391 1.231445 0.477539 1.232422 0.478516 1.234375 0.478516 1.234375 0.477539 1.235352 0.476562 1.236328 0.476562 1.237305 0.475586 1.238281 0.475586 1.239258 0.474609 1.239258 0.472656 1.238281 0.471680 1.238281 0.398438 1.237305 0.397461
2 1.266602 0.347656 1.266602 0.349609 1.265625 0.350586 1.265625 0.353516 1.264648 0.354492 1.264648 0.360352 1.263672 0.361328 1.263672 0.362305 1.262695 0.363281 1.262695 0.364258 1.261719 0.365234 1.261719 0.366211 1.260742 0.367188 1.260742 0.369141 1.259766 0.370117 1.259766 0.376953 1.260742 0.377930 1.260742 0.395508 1.261719 0.396484 1.261719 0.397461 1.262695 0.397461 1.263672 0.398438 1.263672 0.399414 1.264648 0.399414 1.266602 0.401367 1.266602 0.402344 1.267578 0.402344 1.267578 0.370117 1.266602 0.369141
2 1.350586 0.314453 1.350586 0.352539 1.351562 0.352539 1.351562 0.351562 1.353516 0.349609 1.354492 0.349609 1.354492 0.348633 1.356445 0.346680 1.357422 0.346680 1.357422 0.329102 1.356445 0.328125 1.356445 0.317383 1.355469 0.317383 1.354492 0.316406 1.353516 0.316406 1.351562 0.314453
2 1.326172 0.310547 1.320312 0.310547 1.319336 0.311523 1.319336 0.373047 1.320312 0.374023 1.320312 0.396484 1.320312 0.394531 1.321289 0.393555 1.322266 0.393555 1.322266 0.391602 1.323242 0.390625 1.324219 0.391602 1.324219 0.392578 1.325195 0.393555 1.326172 0.392578 1.326172 0.390625 1.327148 0.389648 1.327148 0.359375 1.326172 0.358398
2 1.295898 0.310547 1.294922 0.310547 1.292969 0.312500 1.291992 0.312500 1.291016 0.313477 1.290039 0.313477 1.290039 0.373047 1.291016 0.374023 1.291016 0.411133 1.292969 0.411133 1.293945 0.410156 1.297852 0.410156 1.297852 0.409180 1.296875 0.408203 1.296875 0.332031 1.295898 0.331055