2 0.794922 0.844727 0.789062 0.844727 0.789062 0.949219 0.790039 0.949219 0.790039 0.947266 0.791016 0.946289 0.791016 0.945312 0.792969 0.943359 0.792969 0.942383 0.794922 0.940430 0.794922 0.939453 0.795898 0.938477 0.795898 0.845703
2 0.849609 0.836914 0.849609 0.879883 0.856445 0.879883 0.856445 0.836914
2 0.826172 0.835938 0.824219 0.835938 0.823242 0.836914 0.818359 0.836914 0.818359 0.871094 0.819336 0.872070 0.819336 0.900391 0.820312 0.899414 0.822266 0.899414 0.822266 0.898438 0.824219 0.896484 0.825195 0.896484 0.825195 0.895508 0.826172 0.894531
2 0.982422 0.831055 0.982422 0.869141 0.983398 0.870117 0.983398 0.873047 0.983398 0.831055
2 0.917969 0.769531 0.916992 0.769531 0.916992 0.770508 0.917969 0.771484 0.917969 0.772461 0.915039 0.775391 0.915039 0.777344 0.914062 0.778320 0.914062 0.779297 0.913086 0.780273 0.913086 0.794922 0.914062 0.795898 0.914062 0.797852 0.915039 0.796875 0.915039 0.795898 0.916016 0.794922 0.916992 0.794922 0.917969 0.793945
2 0.885742 0.666992 0.883789 0.668945 0.882812 0.668945 0.881836 0.669922 0.881836 0.670898 0.879883 0.672852 0.879883 0.699219 0.880859 0.700195 0.880859 0.743164 0.883789 0.746094 0.883789 0.747070 0.884766 0.748047 0.885742 0.748047 0.886719 0.749023 0.887695 0.748047 0.887695 0.744141 0.886719 0.743164 0.886719 0.666992
2 0.948242 0.662109 0.946289 0.662109 0.945312 0.663086 0.941406 0.663086 0.941406 0.676758 0.942383 0.677734 0.942383 0.763672 0.945312 0.760742 0.946289 0.760742 0.947266 0.759766 0.947266 0.758789 0.949219 0.756836 0.949219 0.708008 0.948242 0.707031
2 0.794922 0.661133 0.793945 0.661133 0.792969 0.662109 0.791992 0.662109 0.791016 0.663086 0.788086 0.663086 0.788086 0.756836 0.791992 0.756836 0.793945 0.754883 0.794922 0.754883
2 0.914062 0.658203 0.913086 0.659180 0.910156 0.659180 0.910156 0.721680 0.911133 0.722656 0.911133 0.764648 0.912109 0.765625 0.916016 0.765625 0.917969 0.767578 0.917969 0.659180 0.916992 0.659180 0.916016 0.658203
2 0.823242 0.653320 0.822266 0.654297 0.821289 0.653320 0.819336 0.653320 0.818359 0.654297 0.817383 0.654297 0.817383 0.666016 0.818359 0.666992 0.818359 0.750977 0.821289 0.750977 0.822266 0.750000 0.822266 0.749023 0.823242 0.748047 0.823242 0.745117 0.824219 0.744141 0.824219 0.743164 0.825195 0.742188 0.825195 0.654297 0.824219 0.654297
2 0.976562 0.652344 0.976562 0.663086 0.977539 0.664062 0.977539 0.750000 0.977539 0.652344