2 1.424805 0.706055 1.424805 0.751953 1.426758 0.751953 1.426758 0.750977 1.427734 0.750000 1.428711 0.750000 1.428711 0.730469 1.427734 0.729492 1.427734 0.716797 1.426758 0.715820 1.426758 0.713867 1.425781 0.713867 1.424805 0.712891 1.424805 0.710938 1.425781 0.709961 1.425781 0.708008 1.424805 0.707031
2 1.461914 0.693359 1.460938 0.694336 1.460938 0.696289 1.459961 0.697266 1.458984 0.696289 1.458984 0.695312 1.458984 0.720703 1.459961 0.721680 1.459961 0.741211 1.460938 0.741211 1.463867 0.738281 1.462891 0.737305 1.462891 0.697266 1.461914 0.696289
2 1.444336 0.686523 1.443359 0.687500 1.441406 0.687500 1.441406 0.724609 1.442383 0.725586 1.442383 0.739258 1.443359 0.740234 1.446289 0.740234 1.446289 0.739258 1.445312 0.738281 1.445312 0.687500
2 1.491211 0.400391 1.490234 0.401367 1.489258 0.401367 1.488281 0.402344 1.487305 0.402344 1.488281 0.403320 1.488281 0.417969 1.490234 0.416016 1.490234 0.411133 1.491211 0.410156
2 1.457031 0.395508 1.456055 0.396484 1.456055 0.397461 1.455078 0.398438 1.455078 0.401367 1.454102 0.402344 1.454102 0.408203 1.455078 0.409180 1.455078 0.414062 1.456055 0.415039 1.456055 0.419922 1.457031 0.420898 1.457031 0.422852 1.458008 0.423828 1.458008 0.424805 1.458008 0.416016 1.457031 0.415039
2 1.470703 0.383789 1.470703 0.404297 1.471680 0.405273 1.471680 0.444336 1.472656 0.443359 1.472656 0.442383 1.474609 0.440430 1.474609 0.388672 1.473633 0.387695 1.473633 0.385742 1.472656 0.384766 1.471680 0.384766
2 0.632812 0.311523 0.632812 0.321289 0.631836 0.322266 0.631836 0.335938 0.632812 0.336914 0.632812 0.337891 0.633789 0.338867 0.633789 0.311523
2 0.743164 0.305664 0.741211 0.307617 0.741211 0.314453 0.740234 0.315430 0.740234 0.317383 0.739258 0.318359 0.739258 0.319336 0.738281 0.320312 0.738281 0.326172 0.739258 0.327148 0.739258 0.332031 0.740234 0.333008 0.740234 0.333984 0.741211 0.334961 0.742188 0.334961 0.743164 0.335938 0.744141 0.334961 0.744141 0.322266 0.743164 0.321289
2 0.641602 0.281250 0.641602 0.304688 0.642578 0.304688 0.642578 0.301758 0.643555 0.300781 0.643555 0.283203 0.642578 0.282227 0.642578 0.281250
2 0.763672 0.280273 0.761719 0.280273 0.761719 0.305664 0.762695 0.304688 0.762695 0.303711 0.764648 0.301758 0.764648 0.300781 0.766602 0.298828 0.766602 0.284180 0.765625 0.283203 0.765625 0.282227
2 0.331055 0.205078 0.331055 0.223633 0.332031 0.223633 0.332031 0.206055
2 0.325195 0.192383 0.325195 0.221680 0.326172 0.222656 0.326172 0.202148 0.325195 0.201172