2 0.561523 0.832031 0.561523 0.868164 0.562500 0.869141 0.562500 0.868164 0.563477 0.867188 0.565430 0.867188 0.565430 0.866211 0.566406 0.865234 0.566406 0.843750 0.565430 0.842773 0.565430 0.839844 0.563477 0.837891 0.563477 0.836914 0.562500 0.835938 0.562500 0.834961 0.561523 0.833984
2 0.531250 0.787109 0.530273 0.788086 0.530273 0.833984 0.531250 0.834961 0.531250 0.859375 0.532227 0.858398 0.535156 0.858398 0.536133 0.857422 0.537109 0.857422 0.538086 0.856445 0.538086 0.816406 0.537109 0.815430 0.537109 0.795898 0.532227 0.795898 0.531250 0.794922 0.531250 0.793945 0.535156 0.790039 0.535156 0.789062 0.536133 0.788086 0.534180 0.788086 0.534180 0.789062 0.533203 0.790039 0.532227 0.790039 0.531250 0.789062
2 0.476562 0.759766 0.472656 0.759766 0.469727 0.761719 0.469727 0.787109 0.470703 0.788086 0.470703 0.868164 0.471680 0.869141 0.471680 0.923828 0.471680 0.922852 0.472656 0.921875 0.472656 0.919922 0.474609 0.917969 0.474609 0.916992 0.475586 0.916016 0.476562 0.913086 0.477539 0.912109 0.478516 0.912109 0.478516 0.893555 0.477539 0.892578 0.477539 0.812500 0.476562 0.811523
2 0.506836 0.750000 0.505859 0.750977 0.503906 0.750977 0.500977 0.753906 0.500977 0.756836 0.500000 0.757812 0.500000 0.829102 0.500977 0.830078 0.500977 0.882812 0.500977 0.881836 0.501953 0.880859 0.501953 0.879883 0.503906 0.877930 0.504883 0.877930 0.504883 0.876953 0.505859 0.875977 0.506836 0.875977 0.507812 0.875000 0.507812 0.808594 0.506836 0.807617
2 0.474609 0.651367 0.473633 0.652344 0.471680 0.652344 0.469727 0.654297 0.468750 0.654297 0.468750 0.706055 0.469727 0.707031 0.469727 0.714844 0.475586 0.714844 0.475586 0.652344
2 0.501953 0.640625 0.500977 0.641602 0.499023 0.641602 0.498047 0.642578 0.498047 0.667969 0.499023 0.668945 0.499023 0.714844 0.500977 0.714844 0.502930 0.716797 0.505859 0.716797 0.505859 0.648438 0.504883 0.647461 0.504883 0.640625
2 0.534180 0.622070 0.532227 0.624023 0.531250 0.624023 0.529297 0.625977 0.528320 0.625977 0.528320 0.673828 0.529297 0.674805 0.529297 0.709961 0.536133 0.709961 0.536133 0.657227 0.535156 0.656250 0.535156 0.623047
2 1.526367 0.238281 1.523438 0.238281 1.523438 0.242188 1.524414 0.243164 1.524414 0.264648 1.524414 0.263672 1.527344 0.260742 1.528320 0.260742 1.529297 0.259766 1.529297 0.258789 1.530273 0.257812 1.530273 0.246094 1.529297 0.245117 1.529297 0.239258 1.527344 0.239258
2 1.498047 0.227539 1.498047 0.250000 1.499023 0.250977 1.499023 0.266602 1.504883 0.266602 1.504883 0.252930 1.503906 0.251953 1.503906 0.228516 1.500000 0.228516 1.499023 0.227539
2 1.476562 0.180664 1.476562 0.181641 1.475586 0.182617 1.474609 0.182617 1.474609 0.183594 1.473633 0.184570 1.473633 0.186523 1.472656 0.187500 1.472656 0.232422 1.473633 0.233398 1.473633 0.266602 1.475586 0.268555 1.475586 0.269531 1.477539 0.271484 1.477539 0.273438 1.478516 0.274414 1.478516 0.275391 1.479492 0.275391 1.479492 0.266602 1.478516 0.265625 1.478516 0.201172 1.477539 0.200195 1.477539 0.180664
2 1.527344 0.128906 1.526367 0.129883 1.522461 0.129883 1.522461 0.161133 1.523438 0.161133 1.525391 0.163086 1.525391 0.164062 1.527344 0.166016 1.527344 0.167969 1.528320 0.168945 1.528320 0.169922 1.528320 0.128906
2 1.502930 0.125000 1.501953 0.125000 1.500977 0.125977 1.499023 0.125977 1.497070 0.127930 1.497070 0.153320 1.502930 0.153320
2 1.547852 0.111328 1.547852 0.144531 1.548828 0.145508 1.548828 0.168945 1.549805 0.167969 1.550781 0.167969 1.553711 0.165039 1.553711 0.119141 1.552734 0.118164 1.552734 0.114258 1.550781 0.112305 1.548828 0.112305
2 1.475586 0.096680 1.475586 0.100586 1.474609 0.101562 1.474609 0.117188 1.475586 0.118164 1.475586 0.124023 1.476562 0.125000 1.476562 0.096680