2 0.327148 0.805664 0.326172 0.806641 0.325195 0.806641 0.325195 0.905273 0.325195 0.903320 0.326172 0.902344 0.326172 0.898438 0.327148 0.897461 0.327148 0.895508 0.328125 0.894531 0.328125 0.858398 0.327148 0.857422
2 0.169922 0.803711 0.165039 0.803711 0.164062 0.804688 0.164062 0.849609 0.165039 0.850586 0.165039 0.901367 0.165039 0.899414 0.166016 0.898438 0.166016 0.897461 0.167969 0.895508 0.167969 0.894531 0.169922 0.892578
2 0.216797 0.796875 0.216797 0.836914 0.222656 0.836914 0.222656 0.796875
2 0.196289 0.795898 0.195312 0.795898 0.194336 0.796875 0.190430 0.796875 0.190430 0.856445 0.192383 0.854492 0.193359 0.854492 0.195312 0.852539 0.195312 0.851562 0.196289 0.850586
2 0.340820 0.794922 0.339844 0.794922 0.338867 0.795898 0.337891 0.795898 0.337891 0.855469 0.338867 0.854492 0.338867 0.853516 0.339844 0.852539 0.339844 0.850586 0.340820 0.849609
2 0.353516 0.791992 0.352539 0.792969 0.350586 0.792969 0.350586 0.827148 0.351562 0.828125 0.351562 0.832031 0.353516 0.832031
2 0.276367 0.734375 0.275391 0.734375 0.275391 0.735352 0.276367 0.736328 0.276367 0.737305 0.274414 0.739258 0.274414 0.740234 0.273438 0.741211 0.273438 0.743164 0.272461 0.744141 0.272461 0.757812 0.273438 0.758789 0.273438 0.759766 0.276367 0.756836
2 0.363281 0.701172 0.363281 0.704102 0.364258 0.705078 0.364258 0.707031 0.365234 0.708008 0.365234 0.708984 0.365234 0.701172
2 0.248047 0.638672 0.244141 0.642578 0.244141 0.708984 0.245117 0.709961 0.245117 0.710938 0.249023 0.714844 0.250000 0.714844 0.250000 0.680664 0.249023 0.679688 0.249023 0.638672
2 0.326172 0.633789 0.325195 0.634766 0.324219 0.634766 0.324219 0.724609 0.327148 0.721680 0.327148 0.657227 0.326172 0.656250
2 0.302734 0.633789 0.301758 0.633789 0.300781 0.634766 0.297852 0.634766 0.297852 0.728516 0.298828 0.727539 0.298828 0.726562 0.299805 0.725586 0.300781 0.725586 0.303711 0.722656 0.303711 0.666992 0.302734 0.666016
2 0.168945 0.632812 0.167969 0.633789 0.166016 0.633789 0.165039 0.634766 0.164062 0.634766 0.164062 0.723633 0.166016 0.721680 0.167969 0.721680 0.169922 0.719727 0.169922 0.703125 0.168945 0.702148
2 0.273438 0.629883 0.272461 0.630859 0.269531 0.630859 0.269531 0.653320 0.270508 0.654297 0.270508 0.729492 0.271484 0.730469 0.274414 0.730469 0.276367 0.732422 0.276367 0.630859 0.275391 0.630859 0.274414 0.629883
2 0.195312 0.625977 0.189453 0.625977 0.189453 0.716797 0.192383 0.716797 0.192383 0.715820 0.193359 0.714844 0.193359 0.713867 0.194336 0.712891 0.194336 0.710938 0.195312 0.709961 0.195312 0.708984 0.196289 0.708008 0.196289 0.691406 0.195312 0.690430
2 0.339844 0.625000 0.336914 0.625000 0.336914 0.676758 0.337891 0.677734 0.337891 0.715820 0.337891 0.714844 0.338867 0.713867 0.338867 0.710938 0.339844 0.709961