2 1.353516 0.771484 1.353516 0.783203 1.354492 0.782227 1.355469 0.782227 1.357422 0.780273 1.358398 0.780273 1.358398 0.774414 1.358398 0.775391 1.357422 0.776367 1.353516 0.772461
2 1.329102 0.742188 1.329102 0.743164 1.328125 0.744141 1.327148 0.744141 1.327148 0.782227 1.328125 0.783203 1.330078 0.783203 1.331055 0.784180 1.333008 0.784180 1.333008 0.755859 1.332031 0.754883 1.332031 0.742188
2 1.301758 0.698242 1.301758 0.768555 1.302734 0.769531 1.303711 0.769531 1.305664 0.771484 1.306641 0.771484 1.307617 0.772461 1.307617 0.741211 1.306641 0.740234 1.306641 0.702148 1.305664 0.702148 1.304688 0.701172 1.303711 0.701172 1.301758 0.699219
2 1.276367 0.653320 1.276367 0.661133 1.277344 0.662109 1.277344 0.664062 1.278320 0.665039 1.278320 0.666992 1.279297 0.667969 1.279297 0.669922 1.280273 0.670898 1.280273 0.674805 1.279297 0.675781 1.279297 0.677734 1.278320 0.678711 1.278320 0.680664 1.277344 0.681641 1.277344 0.683594 1.276367 0.684570 1.277344 0.685547 1.277344 0.691406 1.278320 0.692383 1.278320 0.694336 1.280273 0.696289 1.280273 0.702148 1.281250 0.703125 1.281250 0.708984 1.281250 0.664062 1.280273 0.663086 1.280273 0.657227
2 1.305664 0.627930 1.304688 0.627930 1.303711 0.628906 1.301758 0.628906 1.300781 0.629883 1.300781 0.637695 1.301758 0.636719 1.304688 0.636719 1.305664 0.635742
2 1.297852 0.302734 1.297852 0.336914 1.299805 0.334961 1.300781 0.334961 1.300781 0.333984 1.301758 0.333008 1.301758 0.313477 1.300781 0.312500 1.300781 0.310547 1.299805 0.309570 1.299805 0.307617 1.297852 0.305664
2 1.271484 0.260742 1.271484 0.325195 1.277344 0.325195 1.277344 0.268555 1.276367 0.268555 1.275391 0.267578 1.272461 0.267578 1.271484 0.266602 1.275391 0.262695 1.275391 0.260742 1.273438 0.262695 1.272461 0.262695 1.271484 0.261719
2 1.225586 0.232422 1.222656 0.232422 1.219727 0.234375 1.220703 0.235352 1.220703 0.334961 1.221680 0.335938 1.221680 0.382812 1.221680 0.379883 1.223633 0.377930 1.223633 0.376953 1.224609 0.375977 1.224609 0.375000 1.226562 0.372070 1.226562 0.284180 1.225586 0.283203
2 1.250977 0.225586 1.250000 0.226562 1.249023 0.225586 1.247070 0.227539 1.247070 0.228516 1.246094 0.229492 1.246094 0.230469 1.245117 0.231445 1.245117 0.254883 1.246094 0.255859 1.246094 0.345703 1.248047 0.343750 1.248047 0.342773 1.249023 0.341797 1.250000 0.341797 1.251953 0.339844 1.251953 0.256836 1.250977 0.255859
2 1.224609 0.132812 1.223633 0.133789 1.222656 0.133789 1.221680 0.134766 1.219727 0.134766 1.219727 0.191406 1.220703 0.190430 1.225586 0.190430 1.225586 0.183594 1.224609 0.182617
2 1.248047 0.124023 1.247070 0.125000 1.245117 0.125000 1.244141 0.125977 1.244141 0.155273 1.245117 0.156250 1.245117 0.192383 1.246094 0.192383 1.247070 0.193359 1.248047 0.193359 1.249023 0.194336 1.250977 0.194336 1.250977 0.157227 1.250000 0.156250 1.250000 0.124023
2 1.274414 0.109375 1.273438 0.110352 1.272461 0.110352 1.270508 0.112305 1.269531 0.112305 1.269531 0.139648 1.270508 0.140625 1.270508 0.189453 1.276367 0.189453 1.276367 0.145508 1.275391 0.144531 1.275391 0.110352