2 1.499023 0.804688 1.498047 0.804688 1.497070 0.805664 1.496094 0.805664 1.495117 0.806641 1.495117 0.822266 1.497070 0.820312 1.497070 0.817383 1.498047 0.816406 1.498047 0.813477 1.499023 0.812500
2 1.464844 0.802734 1.463867 0.803711 1.463867 0.804688 1.462891 0.805664 1.462891 0.806641 1.461914 0.807617 1.461914 0.819336 1.462891 0.820312 1.462891 0.824219 1.463867 0.825195 1.463867 0.828125 1.464844 0.829102 1.464844 0.832031
2 1.480469 0.791016 1.478516 0.791016 1.478516 0.833008 1.479492 0.833984 1.479492 0.850586 1.479492 0.849609 1.481445 0.847656 1.481445 0.846680 1.482422 0.845703 1.482422 0.817383 1.481445 0.816406 1.481445 0.791992
2 0.640625 0.787109 0.640625 0.788086 0.639648 0.789062 0.639648 0.798828 0.638672 0.799805 0.638672 0.812500 0.639648 0.813477 0.639648 0.815430 0.640625 0.816406
2 0.750977 0.786133 0.748047 0.789062 0.748047 0.797852 0.747070 0.798828 0.747070 0.799805 0.746094 0.800781 0.746094 0.813477 0.749023 0.816406 0.750977 0.816406
2 0.648438 0.762695 0.648438 0.774414 0.649414 0.775391 0.649414 0.787109 0.649414 0.784180 0.650391 0.783203 0.650391 0.779297 0.651367 0.778320 0.651367 0.777344 0.650391 0.776367 0.650391 0.764648 0.649414 0.763672 0.649414 0.762695
2 0.771484 0.759766 0.768555 0.759766 0.768555 0.781250 0.769531 0.782227 0.769531 0.784180 0.770508 0.783203 0.770508 0.781250 0.771484 0.780273 0.772461 0.780273 0.772461 0.779297 0.773438 0.778320 0.773438 0.776367 0.774414 0.775391 0.774414 0.763672 0.773438 0.762695 0.773438 0.761719
2 0.335938 0.564453 0.335938 0.583008 0.336914 0.583984 0.336914 0.566406 0.335938 0.565430
2 0.318359 0.139648 0.318359 0.172852 0.319336 0.173828 0.319336 0.206055 0.319336 0.139648
2 0.324219 0.131836 0.324219 0.174805 0.325195 0.175781 0.325195 0.184570 0.325195 0.131836
2 0.330078 0.105469 0.330078 0.129883 0.331055 0.130859 0.331055 0.132812 0.330078 0.133789 0.330078 0.161133 0.331055 0.162109 0.331055 0.173828 0.331055 0.134766 0.330078 0.133789 0.331055 0.132812 0.331055 0.113281 0.330078 0.112305
2 0.335938 0.069336 0.335938 0.132812 0.336914 0.133789 0.336914 0.135742 0.336914 0.092773 0.335938 0.091797
2 0.341797 0.066406 0.341797 0.117188 0.342773 0.118164 0.342773 0.121094 0.342773 0.066406