2 0.621094 0.803711 0.621094 0.816406 0.624023 0.816406 0.625977 0.814453 0.627930 0.814453 0.627930 0.807617 0.626953 0.807617 0.626953 0.809570 0.625977 0.810547 0.625000 0.809570 0.625000 0.807617 0.624023 0.806641 0.623047 0.806641 0.622070 0.805664 0.622070 0.804688
2 0.592773 0.772461 0.592773 0.773438 0.591797 0.774414 0.589844 0.774414 0.589844 0.799805 0.590820 0.800781 0.590820 0.816406 0.591797 0.817383 0.597656 0.817383 0.597656 0.789062 0.596680 0.788086 0.596680 0.772461
2 0.560547 0.724609 0.560547 0.800781 0.562500 0.802734 0.564453 0.802734 0.565430 0.803711 0.565430 0.804688 0.566406 0.804688 0.567383 0.805664 0.567383 0.756836 0.566406 0.755859 0.566406 0.729492 0.564453 0.727539 0.561523 0.727539 0.560547 0.726562
2 0.530273 0.675781 0.530273 0.683594 0.531250 0.684570 0.531250 0.686523 0.532227 0.687500 0.532227 0.690430 0.534180 0.692383 0.534180 0.694336 0.535156 0.695312 0.535156 0.699219 0.534180 0.700195 0.534180 0.703125 0.533203 0.704102 0.532227 0.704102 0.532227 0.706055 0.531250 0.707031 0.531250 0.716797 0.532227 0.717773 0.532227 0.718750 0.533203 0.719727 0.533203 0.720703 0.535156 0.722656 0.535156 0.728516 0.536133 0.729492 0.536133 0.735352 0.537109 0.736328 0.536133 0.735352 0.536133 0.687500 0.535156 0.686523 0.535156 0.680664 0.534180 0.679688 0.534180 0.678711 0.533203 0.678711 0.532227 0.677734 0.532227 0.676758 0.531250 0.676758
2 0.565430 0.647461 0.563477 0.647461 0.563477 0.648438 0.562500 0.649414 0.560547 0.649414 0.559570 0.650391 0.559570 0.658203 0.561523 0.658203 0.562500 0.657227 0.563477 0.657227 0.564453 0.656250 0.565430 0.656250
2 0.623047 0.636719 0.623047 0.638672 0.625000 0.640625 0.625000 0.645508 0.625977 0.645508 0.625977 0.637695 0.625000 0.636719
2 0.554688 0.294922 0.554688 0.327148 0.555664 0.328125 0.555664 0.332031 0.557617 0.330078 0.558594 0.330078 0.559570 0.329102 0.559570 0.306641 0.558594 0.305664 0.558594 0.302734 0.557617 0.301758 0.557617 0.299805 0.556641 0.299805 0.555664 0.298828 0.555664 0.296875 0.554688 0.295898
2 0.524414 0.249023 0.523438 0.250000 0.523438 0.275391 0.524414 0.276367 0.524414 0.320312 0.525391 0.319336 0.531250 0.319336 0.531250 0.258789 0.530273 0.257812 0.525391 0.257812 0.524414 0.256836 0.524414 0.255859 0.529297 0.250977 0.529297 0.250000 0.527344 0.250000 0.527344 0.250977 0.526367 0.251953 0.525391 0.251953 0.524414 0.250977
2 0.469727 0.218750 0.466797 0.218750 0.463867 0.220703 0.463867 0.300781 0.464844 0.301758 0.464844 0.381836 0.465820 0.380859 0.465820 0.379883 0.466797 0.378906 0.467773 0.375977 0.469727 0.374023 0.469727 0.372070 0.470703 0.371094 0.471680 0.371094 0.471680 0.328125 0.470703 0.327148 0.470703 0.247070 0.469727 0.246094
2 0.500000 0.210938 0.499023 0.211914 0.497070 0.211914 0.495117 0.213867 0.495117 0.214844 0.493164 0.217773 0.493164 0.266602 0.494141 0.267578 0.494141 0.341797 0.495117 0.340820 0.496094 0.340820 0.496094 0.339844 0.500977 0.334961 0.501953 0.334961 0.501953 0.327148 0.500977 0.326172 0.500977 0.247070 0.500000 0.246094
2 0.468750 0.111328 0.467773 0.111328 0.466797 0.112305 0.465820 0.112305 0.464844 0.113281 0.461914 0.113281 0.461914 0.138672 0.462891 0.139648 0.462891 0.174805 0.463867 0.173828 0.469727 0.173828 0.469727 0.166016 0.468750 0.165039
2 0.496094 0.101562 0.495117 0.102539 0.492188 0.102539 0.491211 0.103516 0.491211 0.105469 0.492188 0.106445 0.492188 0.175781 0.495117 0.175781 0.497070 0.177734 0.500000 0.177734 0.500000 0.166992 0.499023 0.166016 0.499023 0.101562
2 0.527344 0.084961 0.527344 0.085938 0.526367 0.086914 0.524414 0.086914 0.523438 0.087891 0.522461 0.087891 0.521484 0.088867 0.521484 0.115234 0.522461 0.116211 0.522461 0.171875 0.527344 0.171875 0.528320 0.172852 0.529297 0.171875 0.529297 0.099609 0.528320 0.098633 0.528320 0.085938