1 0.164062 1.041992 0.164062 1.042969 0.162109 1.044922 0.162109 1.045898 0.163086 1.046875 0.163086 1.047852 0.164062 1.048828 0.164062 1.053711 0.169922 1.053711 0.169922 1.050781 0.167969 1.048828 0.167969 1.044922 0.166992 1.043945 0.166016 1.043945
1 0.128906 1.040039 0.128906 1.050781 0.127930 1.051758 0.126953 1.050781 0.126953 1.052734 0.125977 1.053711 0.133789 1.053711 0.133789 1.049805 0.132812 1.048828 0.132812 1.046875 0.130859 1.044922 0.130859 1.043945 0.129883 1.043945 0.128906 1.042969
1 0.068359 1.035156 0.068359 1.053711 0.082031 1.053711 0.082031 1.051758 0.081055 1.050781 0.081055 1.047852 0.079102 1.045898 0.079102 1.042969 0.078125 1.041992 0.077148 1.041992 0.074219 1.039062 0.073242 1.039062 0.071289 1.037109 0.070312 1.037109
1 0.105469 1.027344 0.105469 1.032227 0.104492 1.033203 0.103516 1.032227 0.103516 1.034180 0.104492 1.035156 0.104492 1.036133 0.103516 1.037109 0.102539 1.037109 0.102539 1.040039 0.103516 1.041016 0.102539 1.041992 0.102539 1.044922 0.103516 1.045898 0.103516 1.046875 0.104492 1.047852 0.104492 1.049805 0.105469 1.048828 0.107422 1.048828 0.108398 1.049805 0.108398 1.051758 0.108398 1.050781 0.109375 1.049805 0.109375 1.043945 0.110352 1.042969 0.110352 1.041992 0.109375 1.041016 0.109375 1.031250 0.108398 1.030273 0.108398 1.029297 0.107422 1.028320 0.106445 1.028320
1 0.048828 1.027344 0.048828 1.029297 0.047852 1.030273 0.046875 1.029297 0.046875 1.030273 0.043945 1.033203 0.043945 1.045898 0.041992 1.047852 0.041016 1.047852 0.041016 1.053711 0.048828 1.053711
1 0.138672 1.022461 0.138672 1.023438 0.139648 1.023438 0.140625 1.024414 0.140625 1.027344 0.141602 1.028320 0.141602 1.043945 0.142578 1.043945 0.142578 1.041016 0.144531 1.039062 0.145508 1.039062 0.145508 1.033203 0.146484 1.032227 0.147461 1.032227 0.147461 1.031250 0.146484 1.030273 0.146484 1.027344 0.145508 1.027344 0.143555 1.025391 0.142578 1.025391 0.141602 1.024414 0.140625 1.024414
1 0.189453 1.008789 0.189453 1.010742 0.188477 1.011719 0.188477 1.030273 0.189453 1.031250 0.189453 1.035156 0.190430 1.036133 0.190430 1.041016 0.191406 1.041992 0.191406 1.043945 0.193359 1.045898 0.193359 1.046875 0.195312 1.046875 0.196289 1.047852 0.197266 1.047852 0.197266 1.046875 0.198242 1.045898 0.198242 1.044922 0.199219 1.043945 0.199219 1.026367 0.199219 1.027344 0.197266 1.029297 0.192383 1.024414 0.192383 1.021484 0.191406 1.020508 0.191406 1.014648 0.190430 1.013672 0.190430 1.008789
1 0.349609 0.995117 0.348633 0.996094 0.347656 0.996094 0.347656 0.998047 0.346680 0.999023 0.345703 0.999023 0.345703 1.001953 0.346680 1.002930 0.346680 1.007812 0.345703 1.008789 0.345703 1.015625 0.344727 1.016602 0.343750 1.016602 0.342773 1.015625 0.342773 1.014648 0.342773 1.017578 0.343750 1.018555 0.343750 1.020508 0.342773 1.021484 0.341797 1.021484 0.340820 1.020508 0.340820 1.019531 0.339844 1.020508 0.338867 1.020508 0.336914 1.022461 0.337891 1.023438 0.337891 1.025391 0.338867 1.026367 0.338867 1.028320 0.339844 1.029297 0.339844 1.031250 0.340820 1.032227 0.340820 1.033203 0.341797 1.033203 0.341797 1.029297 0.342773 1.028320 0.344727 1.030273 0.344727 1.034180 0.343750 1.035156 0.344727 1.036133 0.344727 1.038086 0.345703 1.039062 0.345703 1.050781 0.344727 1.051758 0.345703 1.052734 0.345703 1.053711 0.357422 1.053711 0.357422 1.010742 0.356445 1.010742 0.355469 1.009766 0.355469 1.006836 0.354492 1.005859 0.354492 1.004883 0.355469 1.003906 0.355469 1.001953 0.355469 1.002930 0.354492 1.003906 0.353516 1.002930 0.353516 1.000000 0.352539 0.999023 0.352539 0.996094 0.351562 0.995117
1 0.610352 0.980469 0.611328 0.981445 0.611328 0.983398 0.610352 0.984375 0.610352 0.985352 0.611328 0.986328 0.611328 0.988281 0.612305 0.989258 0.612305 0.991211 0.614258 0.993164 0.614258 0.994141 0.615234 0.993164 0.615234 0.992188 0.616211 0.991211 0.617188 0.992188 0.617188 0.993164 0.618164 0.994141 0.618164 0.996094 0.618164 0.992188 0.616211 0.990234 0.616211 0.987305 0.617188 0.986328 0.617188 0.985352 0.616211 0.984375 0.616211 0.983398 0.615234 0.982422 0.615234 0.981445 0.614258 0.980469 0.612305 0.982422
1 0.043945 0.970703 0.043945 0.971680 0.042969 0.972656 0.042969 0.976562 0.043945 0.977539 0.043945 0.981445 0.044922 0.982422 0.044922 0.983398 0.045898 0.983398 0.045898 0.977539 0.044922 0.976562 0.044922 0.971680
1 1.411133 0.956055 1.409180 0.956055 1.410156 0.957031 1.409180 0.958008 1.406250 0.958008 1.404297 0.959961 1.404297 0.960938 1.403320 0.961914 1.403320 0.962891 1.402344 0.963867 1.402344 0.965820 1.401367 0.966797 1.401367 0.968750 1.402344 0.967773 1.403320 0.967773 1.404297 0.966797 1.405273 0.966797 1.405273 0.965820 1.406250 0.964844 1.407227 0.964844 1.408203 0.963867 1.408203 0.962891 1.409180 0.961914 1.410156 0.961914 1.410156 0.960938 1.411133 0.959961 1.411133 0.958984 1.412109 0.958008 1.412109 0.957031
1 0.504883 0.950195 0.504883 0.954102 0.505859 0.955078 0.505859 0.956055 0.506836 0.957031 0.506836 0.958984 0.507812 0.958008 0.509766 0.959961 0.509766 0.960938 0.508789 0.961914 0.507812 0.960938 0.507812 0.961914 0.506836 0.962891 0.503906 0.962891 0.502930 0.963867 0.500977 0.961914 0.500977 0.963867 0.500000 0.964844 0.498047 0.962891 0.498047 0.965820 0.497070 0.966797 0.497070 0.973633 0.498047 0.974609 0.499023 0.973633 0.500000 0.974609 0.500000 0.985352 0.499023 0.986328 0.498047 0.985352 0.498047 0.991211 0.499023 0.991211 0.500000 0.990234 0.500977 0.991211 0.500977 0.995117 0.500000 0.996094 0.500000 0.997070 0.500977 0.998047 0.500977 1.000000 0.501953 1.000977 0.501953 1.001953 0.500977 1.002930 0.500000 1.001953 0.500000 1.003906 0.500977 1.004883 0.500000 1.005859 0.500977 1.006836 0.500977 1.008789 0.501953 1.009766 0.501953 1.010742 0.501953 1.006836 0.502930 1.005859 0.503906 1.005859 0.506836 1.008789 0.506836 1.010742 0.507812 1.011719 0.507812 1.016602 0.509766 1.018555 0.510742 1.017578 0.511719 1.017578 0.512695 1.016602 0.513672 1.016602 0.514648 1.015625 0.516602 1.017578 0.516602 1.021484 0.518555 1.021484 0.517578 1.020508 0.517578 1.015625 0.518555 1.014648 0.518555 1.013672 0.519531 1.012695 0.519531 1.010742 0.521484 1.008789 0.522461 1.009766 0.522461 1.012695 0.525391 1.012695 0.525391 1.007812 0.527344 1.005859 0.527344 1.004883 0.528320 1.003906 0.529297 1.004883 0.530273 1.004883 0.532227 1.006836 0.533203 1.006836 0.534180 1.005859 0.535156 1.005859 0.535156 1.004883 0.536133 1.003906 0.536133 1.001953 0.537109 1.000977 0.537109 0.999023 0.540039 0.996094 0.540039 0.994141 0.539062 0.993164 0.539062 0.991211 0.541016 0.989258 0.541016 0.987305 0.542969 0.985352 0.543945 0.985352 0.544922 0.986328 0.544922 0.987305 0.545898 0.987305 0.545898 0.981445 0.544922 0.980469 0.544922 0.979492 0.543945 0.978516 0.544922 0.977539 0.544922 0.976562 0.541992 0.973633 0.541992 0.971680 0.541016 0.970703 0.541016 0.968750 0.540039 0.967773 0.540039 0.966797 0.539062 0.965820 0.539062 0.961914 0.538086 0.960938 0.536133 0.960938 0.535156 0.959961 0.533203 0.959961 0.532227 0.958984 0.531250 0.958984 0.530273 0.958008 0.528320 0.958008 0.527344 0.957031 0.525391 0.957031 0.524414 0.956055 0.522461 0.956055 0.521484 0.955078 0.519531 0.955078 0.518555 0.954102 0.516602 0.954102 0.515625 0.953125 0.513672 0.953125 0.512695 0.952148 0.510742 0.952148 0.509766 0.951172 0.507812 0.951172 0.506836 0.950195
1 0.490234 0.945312 0.490234 0.950195 0.492188 0.950195 0.493164 0.951172 0.493164 0.948242 0.492188 0.947266 0.493164 0.946289 0.492188 0.945312
1 0.638672 0.944336 0.638672 0.947266 0.637695 0.948242 0.636719 0.948242 0.636719 0.951172 0.635742 0.952148 0.635742 0.953125 0.634766 0.954102 0.632812 0.952148 0.631836 0.953125 0.632812 0.954102 0.631836 0.955078 0.632812 0.956055 0.632812 0.958984 0.633789 0.959961 0.633789 0.961914 0.634766 0.962891 0.634766 0.964844 0.637695 0.967773 0.638672 0.966797 0.638672 0.965820 0.640625 0.963867 0.640625 0.961914 0.641602 0.960938 0.641602 0.958008 0.642578 0.957031 0.642578 0.955078 0.641602 0.954102 0.641602 0.947266
1 0.173828 0.944336 0.173828 0.971680 0.174805 0.972656 0.174805 0.978516 0.174805 0.977539 0.175781 0.976562 0.175781 0.973633 0.176758 0.972656 0.176758 0.962891 0.175781 0.961914 0.175781 0.954102 0.174805 0.953125 0.174805 0.951172 0.173828 0.950195 0.173828 0.949219 0.174805 0.948242 0.174805 0.947266 0.173828 0.946289
1 0.186523 0.909180 0.186523 0.911133 0.185547 0.912109 0.185547 0.913086 0.184570 0.914062 0.184570 0.916992 0.185547 0.917969 0.183594 0.919922 0.183594 0.928711 0.182617 0.929688 0.182617 0.933594 0.183594 0.934570 0.183594 0.938477 0.184570 0.939453 0.184570 0.941406 0.185547 0.942383 0.185547 0.943359 0.186523 0.944336 0.187500 0.943359 0.188477 0.943359 0.189453 0.944336 0.189453 0.946289 0.190430 0.946289 0.190430 0.942383 0.189453 0.941406 0.189453 0.916992 0.188477 0.916016 0.188477 0.913086 0.187500 0.912109 0.187500 0.911133 0.186523 0.910156
1 0.064453 0.888672 0.064453 0.897461 0.063477 0.898438 0.063477 0.899414 0.064453 0.900391 0.064453 0.908203 0.065430 0.909180 0.065430 0.890625 0.064453 0.889648
1 0.105469 0.875977 0.105469 0.883789 0.104492 0.884766 0.104492 0.893555 0.105469 0.894531 0.105469 0.896484 0.105469 0.895508 0.106445 0.894531 0.106445 0.893555 0.105469 0.892578 0.105469 0.885742 0.106445 0.884766 0.106445 0.880859 0.105469 0.879883
1 0.311523 0.857422 0.311523 0.882812 0.310547 0.883789 0.308594 0.883789 0.305664 0.881836 0.303711 0.881836 0.302734 0.880859 0.300781 0.880859 0.299805 0.879883 0.297852 0.879883 0.296875 0.878906 0.294922 0.878906 0.293945 0.877930 0.291992 0.877930 0.291016 0.876953 0.289062 0.876953 0.288086 0.875977 0.287109 0.875977 0.286133 0.876953 0.286133 0.877930 0.285156 0.878906 0.285156 0.885742 0.286133 0.886719 0.286133 0.889648 0.287109 0.890625 0.287109 0.899414 0.286133 0.900391 0.286133 0.902344 0.287109 0.903320 0.287109 0.909180 0.286133 0.910156 0.285156 0.909180 0.286133 0.910156 0.286133 0.916016 0.286133 0.915039 0.287109 0.914062 0.288086 0.915039 0.289062 0.914062 0.289062 0.911133 0.291016 0.909180 0.294922 0.909180 0.295898 0.910156 0.294922 0.911133 0.294922 0.914062 0.295898 0.913086 0.296875 0.914062 0.296875 0.916016 0.297852 0.915039 0.297852 0.913086 0.298828 0.912109 0.300781 0.912109 0.303711 0.910156 0.305664 0.912109 0.307617 0.910156 0.308594 0.911133 0.308594 0.914062 0.309570 0.914062 0.310547 0.913086 0.311523 0.913086 0.311523 0.911133 0.312500 0.910156 0.314453 0.913086 0.314453 0.916016 0.315430 0.916992 0.315430 0.919922 0.316406 0.920898 0.315430 0.921875 0.315430 0.922852 0.316406 0.921875 0.318359 0.924805 0.318359 0.932617 0.319336 0.933594 0.318359 0.934570 0.318359 0.935547 0.319336 0.936523 0.319336 0.937500 0.318359 0.938477 0.318359 0.940430 0.320312 0.942383 0.321289 0.942383 0.321289 0.939453 0.320312 0.938477 0.322266 0.935547 0.323242 0.936523 0.322266 0.935547 0.323242 0.934570 0.323242 0.932617 0.324219 0.931641 0.324219 0.928711 0.325195 0.927734 0.325195 0.921875 0.326172 0.920898 0.326172 0.915039 0.328125 0.912109 0.327148 0.911133 0.327148 0.909180 0.328125 0.908203 0.328125 0.906250 0.327148 0.905273 0.327148 0.900391 0.329102 0.897461 0.329102 0.891602 0.329102 0.893555 0.328125 0.894531 0.327148 0.893555 0.327148 0.888672 0.326172 0.887695 0.326172 0.882812 0.325195 0.881836 0.325195 0.880859 0.324219 0.881836 0.322266 0.878906 0.322266 0.877930 0.323242 0.876953 0.323242 0.875977 0.323242 0.876953 0.322266 0.877930 0.320312 0.875977 0.319336 0.875977 0.318359 0.875000 0.316406 0.875000 0.315430 0.874023 0.315430 0.873047 0.313477 0.870117 0.313477 0.867188 0.314453 0.866211 0.313477 0.865234 0.313477 0.863281 0.311523 0.860352
1 0.608398 0.839844 0.607422 0.840820 0.607422 0.846680 0.608398 0.847656 0.608398 0.849609 0.609375 0.850586 0.610352 0.849609 0.610352 0.840820 0.609375 0.839844
1 0.147461 0.838867 0.146484 0.839844 0.146484 0.842773 0.145508 0.843750 0.146484 0.844727 0.146484 0.852539 0.147461 0.853516 0.148438 0.853516 0.150391 0.851562 0.150391 0.844727 0.148438 0.842773 0.148438 0.841797 0.147461 0.840820
1 0.075195 0.836914 0.074219 0.837891 0.074219 0.844727 0.075195 0.845703 0.075195 0.846680 0.075195 0.840820 0.076172 0.839844 0.076172 0.837891
1 1.341797 0.875000 1.342773 0.875977 1.341797 0.879883 1.333008 0.891602 1.332031 0.897461 1.331055 0.898438 1.330078 0.910156 1.329102 0.912109 1.330078 0.913086 1.332031 0.923828 1.333008 0.922852 1.335938 0.922852 1.343750 0.917969 1.346680 0.917969 1.350586 0.916016 1.356445 0.916016 1.357422 0.916992 1.356445 0.918945 1.363281 0.919922 1.364258 0.920898 1.370117 0.920898 1.370117 0.918945 1.372070 0.917969 1.373047 0.919922 1.371094 0.922852 1.373047 0.927734 1.375977 0.928711 1.375977 0.937500 1.378906 0.938477 1.382812 0.936523 1.387695 0.942383 1.388672 0.947266 1.392578 0.953125 1.392578 0.955078 1.395508 0.955078 1.396484 0.952148 1.399414 0.950195 1.400391 0.948242 1.401367 0.942383 1.398438 0.940430 1.398438 0.935547 1.397461 0.934570 1.397461 0.929688 1.398438 0.928711 1.396484 0.929688 1.394531 0.927734 1.391602 0.916016 1.395508 0.911133 1.400391 0.909180 1.402344 0.905273 1.404297 0.904297 1.405273 0.902344 1.407227 0.902344 1.408203 0.900391 1.411133 0.899414 1.418945 0.904297 1.421875 0.907227 1.420898 0.908203 1.421875 0.911133 1.423828 0.909180 1.430664 0.914062 1.429688 0.916992 1.427734 0.918945 1.427734 0.926758 1.428711 0.928711 1.431641 0.925781 1.432617 0.926758 1.433594 0.932617 1.436523 0.936523 1.438477 0.935547 1.439453 0.936523 1.440430 0.935547 1.441406 0.929688 1.443359 0.928711 1.445312 0.930664 1.444336 0.932617 1.446289 0.938477 1.445312 0.939453 1.446289 0.946289 1.449219 0.945312 1.450195 0.948242 1.455078 0.946289 1.454102 0.944336 1.455078 0.943359 1.454102 0.861328 1.451172 0.861328 1.450195 0.858398 1.446289 0.854492 1.443359 0.853516 1.441406 0.855469 1.438477 0.855469 1.439453 0.860352 1.437500 0.863281 1.434570 0.865234 1.431641 0.865234 1.429688 0.863281 1.427734 0.864258 1.426758 0.863281 1.427734 0.857422 1.424805 0.855469 1.425781 0.851562 1.427734 0.850586 1.428711 0.848633 1.424805 0.845703 1.420898 0.839844 1.418945 0.840820 1.416016 0.839844 1.415039 0.840820 1.411133 0.838867 1.411133 0.835938 1.408203 0.835938 1.407227 0.836914 1.403320 0.836914 1.403320 0.839844 1.402344 0.840820 1.395508 0.840820 1.394531 0.839844 1.391602 0.839844 1.390625 0.840820 1.380859 0.840820 1.377930 0.845703 1.375977 0.847656 1.374023 0.847656 1.374023 0.848633 1.368164 0.852539 1.366211 0.855469 1.363281 0.856445 1.361328 0.858398 1.358398 0.857422 1.356445 0.859375 1.356445 0.862305 1.354492 0.864258 1.354492 0.866211 1.348633 0.873047 1.345703 0.871094
1 0.157227 0.829102 0.157227 0.833008 0.156250 0.833984 0.156250 0.838867 0.155273 0.839844 0.156250 0.840820 0.156250 0.849609 0.157227 0.848633 0.158203 0.848633 0.159180 0.849609 0.159180 0.847656 0.160156 0.846680 0.160156 0.844727 0.161133 0.843750 0.161133 0.841797 0.160156 0.840820 0.162109 0.838867 0.162109 0.833984 0.162109 0.834961 0.161133 0.835938 0.161133 0.836914 0.160156 0.837891 0.158203 0.835938 0.158203 0.833984 0.157227 0.833008
1 0.022461 0.824219 0.022461 0.826172 0.021484 0.827148 0.021484 0.830078 0.022461 0.831055 0.022461 0.833984 0.022461 0.833008 0.023438 0.832031 0.023438 0.826172 0.022461 0.825195
1 0.088867 0.820312 0.088867 0.834961 0.087891 0.835938 0.088867 0.836914 0.088867 0.837891 0.087891 0.838867 0.087891 0.855469 0.086914 0.856445 0.086914 0.858398 0.084961 0.860352 0.083008 0.857422 0.083008 0.852539 0.082031 0.852539 0.082031 0.855469 0.081055 0.856445 0.082031 0.857422 0.082031 0.861328 0.082031 0.860352 0.083008 0.859375 0.083984 0.859375 0.084961 0.860352 0.084961 0.863281 0.085938 0.864258 0.084961 0.865234 0.085938 0.866211 0.085938 0.872070 0.086914 0.873047 0.086914 0.874023 0.085938 0.875000 0.085938 0.879883 0.084961 0.880859 0.084961 0.884766 0.083984 0.885742 0.083984 0.891602 0.083008 0.892578 0.083008 0.897461 0.083984 0.898438 0.083984 0.901367 0.085938 0.904297 0.085938 0.906250 0.086914 0.907227 0.087891 0.906250 0.088867 0.907227 0.088867 0.916992 0.089844 0.917969 0.089844 0.919922 0.090820 0.920898 0.090820 0.914062 0.091797 0.913086 0.091797 0.908203 0.093750 0.906250 0.094727 0.907227 0.094727 0.921875 0.095703 0.922852 0.095703 0.921875 0.097656 0.919922 0.098633 0.919922 0.098633 0.915039 0.099609 0.914062 0.100586 0.915039 0.101562 0.914062 0.101562 0.908203 0.100586 0.907227 0.100586 0.898438 0.101562 0.897461 0.101562 0.894531 0.100586 0.893555 0.100586 0.891602 0.099609 0.890625 0.099609 0.886719 0.098633 0.885742 0.098633 0.882812 0.097656 0.883789 0.096680 0.882812 0.096680 0.880859 0.095703 0.880859 0.094727 0.879883 0.094727 0.876953 0.093750 0.875977 0.093750 0.875000 0.093750 0.877930 0.092773 0.878906 0.091797 0.877930 0.091797 0.875977 0.090820 0.875000 0.090820 0.873047 0.091797 0.872070 0.091797 0.869141 0.092773 0.868164 0.092773 0.865234 0.091797 0.865234 0.090820 0.864258 0.090820 0.863281 0.091797 0.862305 0.091797 0.861328 0.090820 0.860352 0.090820 0.855469 0.091797 0.854492 0.092773 0.855469 0.092773 0.851562 0.093750 0.850586 0.093750 0.840820 0.094727 0.839844 0.095703 0.840820 0.095703 0.849609 0.096680 0.850586 0.096680 0.860352 0.097656 0.861328 0.097656 0.865234 0.098633 0.866211 0.098633 0.868164 0.098633 0.866211 0.099609 0.865234 0.099609 0.862305 0.098633 0.861328 0.098633 0.851562 0.101562 0.848633 0.102539 0.848633 0.101562 0.847656 0.102539 0.846680 0.101562 0.847656 0.100586 0.846680 0.100586 0.845703 0.101562 0.844727 0.101562 0.841797 0.100586 0.840820 0.100586 0.838867 0.099609 0.837891 0.098633 0.833008 0.097656 0.833008 0.096680 0.833984 0.096680 0.837891 0.095703 0.838867 0.094727 0.837891 0.094727 0.835938 0.093750 0.834961 0.093750 0.825195 0.092773 0.824219 0.093750 0.823242 0.092773 0.822266 0.093750 0.821289 0.093750 0.820312 0.092773 0.820312 0.092773 0.822266 0.091797 0.823242 0.089844 0.821289 0.089844 0.820312
1 0.228516 0.819336 0.227539 0.821289 0.226562 0.820312 0.224609 0.821289 0.223633 0.819336 0.220703 0.831055 0.217773 0.833008 0.215820 0.832031 0.217773 0.842773 0.216797 0.845703 0.217773 0.844727 0.218750 0.845703 0.218750 0.851562 0.214844 0.856445 0.214844 0.864258 0.213867 0.865234 0.212891 0.864258 0.213867 0.866211 0.211914 0.871094 0.212891 0.872070 0.212891 0.888672 0.211914 0.889648 0.209961 0.886719 0.207031 0.886719 0.208008 0.889648 0.206055 0.897461 0.208008 0.901367 0.207031 0.906250 0.208008 0.907227 0.207031 0.911133 0.208984 0.915039 0.208008 0.929688 0.208008 0.927734 0.208984 0.926758 0.209961 0.927734 0.208984 0.933594 0.209961 0.935547 0.208984 0.936523 0.208984 0.945312 0.208008 0.946289 0.207031 0.944336 0.208008 0.954102 0.206055 0.957031 0.205078 0.965820 0.204102 0.966797 0.202148 0.965820 0.203125 0.963867 0.202148 0.960938 0.203125 0.956055 0.202148 0.955078 0.203125 0.951172 0.202148 0.950195 0.202148 0.925781 0.204102 0.916992 0.202148 0.915039 0.203125 0.912109 0.202148 0.885742 0.204102 0.883789 0.203125 0.880859 0.201172 0.882812 0.202148 0.883789 0.201172 0.885742 0.199219 0.886719 0.200195 0.977539 0.201172 0.979492 0.202148 0.977539 0.204102 0.979492 0.204102 0.982422 0.205078 0.980469 0.208008 0.986328 0.210938 0.982422 0.209961 0.981445 0.210938 0.975586 0.209961 0.973633 0.209961 0.954102 0.210938 0.953125 0.209961 0.949219 0.213867 0.944336 0.213867 0.930664 0.216797 0.927734 0.214844 0.923828 0.215820 0.920898 0.214844 0.900391 0.216797 0.899414 0.218750 0.901367 0.219727 0.905273 0.220703 0.904297 0.222656 0.906250 0.222656 0.909180 0.224609 0.912109 0.223633 0.903320 0.221680 0.900391 0.222656 0.882812 0.220703 0.869141 0.224609 0.864258 0.225586 0.866211 0.226562 0.861328 0.228516 0.863281 0.229492 0.866211 0.228516 0.867188 0.229492 0.866211 0.232422 0.870117 0.234375 0.893555 0.232422 0.898438 0.233398 0.902344 0.231445 0.914062 0.229492 0.916016 0.229492 0.919922 0.231445 0.920898 0.231445 0.918945 0.233398 0.916992 0.235352 0.917969 0.236328 0.913086 0.235352 0.909180 0.237305 0.906250 0.236328 0.904297 0.239258 0.902344 0.244141 0.913086 0.243164 0.918945 0.247070 0.924805 0.246094 0.921875 0.248047 0.916992 0.249023 0.921875 0.250977 0.911133 0.251953 0.910156 0.252930 0.911133 0.251953 0.910156 0.252930 0.897461 0.250977 0.895508 0.251953 0.894531 0.250977 0.891602 0.252930 0.890625 0.252930 0.887695 0.254883 0.885742 0.255859 0.886719 0.255859 0.878906 0.256836 0.877930 0.258789 0.878906 0.258789 0.877930 0.257812 0.878906 0.256836 0.877930 0.258789 0.869141 0.257812 0.866211 0.234375 0.858398 0.232422 0.856445 0.231445 0.821289 0.230469 0.822266
1 0.739258 0.816406 0.737305 0.818359 0.738281 0.819336 0.738281 0.822266 0.737305 0.823242 0.736328 0.823242 0.736328 0.824219 0.735352 0.825195 0.735352 0.826172 0.734375 0.827148 0.734375 0.829102 0.735352 0.830078 0.735352 0.831055 0.736328 0.832031 0.736328 0.834961 0.739258 0.837891 0.741211 0.837891 0.742188 0.838867 0.744141 0.838867 0.745117 0.837891 0.747070 0.837891 0.750000 0.834961 0.751953 0.836914 0.751953 0.840820 0.752930 0.840820 0.754883 0.842773 0.754883 0.845703 0.755859 0.846680 0.754883 0.847656 0.754883 0.849609 0.757812 0.849609 0.758789 0.848633 0.759766 0.849609 0.765625 0.849609 0.766602 0.848633 0.768555 0.850586 0.768555 0.849609 0.770508 0.847656 0.770508 0.846680 0.772461 0.844727 0.772461 0.842773 0.773438 0.841797 0.774414 0.841797 0.775391 0.840820 0.775391 0.836914 0.774414 0.836914 0.773438 0.835938 0.773438 0.834961 0.774414 0.833984 0.775391 0.833984 0.775391 0.833008 0.776367 0.832031 0.776367 0.829102 0.774414 0.827148 0.774414 0.826172 0.772461 0.826172 0.771484 0.825195 0.771484 0.823242 0.768555 0.820312 0.767578 0.820312 0.766602 0.819336 0.764648 0.819336 0.763672 0.818359 0.762695 0.818359 0.760742 0.816406 0.760742 0.815430 0.759766 0.815430 0.758789 0.816406 0.755859 0.816406 0.754883 0.815430 0.750977 0.815430 0.748047 0.818359 0.747070 0.817383 0.746094 0.817383 0.745117 0.816406 0.744141 0.816406 0.743164 0.817383 0.742188 0.816406
1 0.659180 0.807617 0.659180 0.812500 0.658203 0.813477 0.658203 0.824219 0.659180 0.825195 0.659180 0.826172 0.660156 0.827148 0.660156 0.828125 0.661133 0.829102 0.663086 0.829102 0.663086 0.828125 0.664062 0.827148 0.666016 0.829102 0.666016 0.833984 0.666992 0.834961 0.666992 0.841797 0.668945 0.841797 0.669922 0.842773 0.671875 0.842773 0.672852 0.843750 0.673828 0.843750 0.673828 0.841797 0.674805 0.840820 0.674805 0.837891 0.675781 0.836914 0.676758 0.836914 0.676758 0.833984 0.675781 0.833008 0.675781 0.832031 0.674805 0.831055 0.675781 0.830078 0.675781 0.829102 0.676758 0.828125 0.676758 0.825195 0.675781 0.824219 0.675781 0.822266 0.674805 0.821289 0.674805 0.820312 0.673828 0.819336 0.673828 0.818359 0.672852 0.817383 0.672852 0.815430 0.671875 0.814453 0.671875 0.813477 0.670898 0.813477 0.668945 0.811523 0.668945 0.809570 0.667969 0.810547 0.666016 0.808594 0.665039 0.808594 0.664062 0.809570 0.663086 0.809570 0.662109 0.808594 0.662109 0.807617
1 0.625977 0.800781 0.625977 0.803711 0.625000 0.804688 0.625000 0.806641 0.626953 0.810547 0.625977 0.811523 0.625977 0.818359 0.620117 0.825195 0.619141 0.824219 0.619141 0.822266 0.618164 0.823242 0.616211 0.823242 0.616211 0.825195 0.614258 0.829102 0.615234 0.830078 0.615234 0.833008 0.617188 0.834961 0.617188 0.837891 0.615234 0.839844 0.614258 0.839844 0.614258 0.841797 0.612305 0.842773 0.612305 0.847656 0.614258 0.850586 0.614258 0.857422 0.615234 0.858398 0.614258 0.859375 0.614258 0.863281 0.612305 0.867188 0.611328 0.873047 0.610352 0.874023 0.609375 0.873047 0.609375 0.871094 0.608398 0.873047 0.604492 0.866211 0.603516 0.867188 0.601562 0.865234 0.601562 0.863281 0.599609 0.864258 0.598633 0.863281 0.598633 0.860352 0.597656 0.859375 0.598633 0.857422 0.598633 0.854492 0.596680 0.852539 0.596680 0.847656 0.594727 0.851562 0.593750 0.851562 0.592773 0.849609 0.591797 0.849609 0.590820 0.851562 0.589844 0.850586 0.589844 0.848633 0.588867 0.849609 0.589844 0.851562 0.587891 0.853516 0.587891 0.859375 0.590820 0.862305 0.590820 0.868164 0.589844 0.869141 0.588867 0.868164 0.587891 0.864258 0.587891 0.866211 0.588867 0.867188 0.587891 0.871094 0.589844 0.870117 0.590820 0.871094 0.590820 0.873047 0.592773 0.874023 0.592773 0.877930 0.593750 0.878906 0.593750 0.885742 0.592773 0.886719 0.592773 0.891602 0.589844 0.894531 0.590820 0.895508 0.590820 0.899414 0.591797 0.901367 0.589844 0.902344 0.589844 0.905273 0.587891 0.908203 0.587891 0.913086 0.586914 0.915039 0.590820 0.921875 0.590820 0.923828 0.592773 0.927734 0.591797 0.928711 0.591797 0.931641 0.593750 0.932617 0.593750 0.939453 0.592773 0.940430 0.592773 0.942383 0.593750 0.943359 0.593750 0.947266 0.594727 0.948242 0.595703 0.954102 0.597656 0.956055 0.597656 0.958008 0.598633 0.958984 0.598633 0.954102 0.599609 0.952148 0.604492 0.949219 0.606445 0.950195 0.606445 0.949219 0.610352 0.945312 0.613281 0.951172 0.614258 0.950195 0.621094 0.949219 0.623047 0.945312 0.623047 0.943359 0.621094 0.940430 0.621094 0.937500 0.625977 0.929688 0.627930 0.931641 0.627930 0.928711 0.628906 0.927734 0.628906 0.914062 0.629883 0.912109 0.631836 0.910156 0.632812 0.910156 0.635742 0.905273 0.639648 0.905273 0.641602 0.907227 0.643555 0.911133 0.644531 0.910156 0.650391 0.910156 0.650391 0.856445 0.649414 0.855469 0.649414 0.823242 0.647461 0.821289 0.646484 0.818359 0.644531 0.817383 0.643555 0.814453 0.640625 0.811523 0.640625 0.810547 0.636719 0.808594 0.633789 0.808594 0.632812 0.807617 0.632812 0.804688 0.631836 0.803711 0.631836 0.805664 0.630859 0.806641 0.628906 0.804688 0.628906 0.803711 0.627930 0.803711 0.625977 0.801758
1 0.602539 0.800781 0.602539 0.802734 0.599609 0.805664 0.599609 0.806641 0.600586 0.807617 0.600586 0.810547 0.601562 0.811523 0.600586 0.812500 0.599609 0.812500 0.599609 0.813477 0.598633 0.814453 0.599609 0.815430 0.599609 0.816406 0.602539 0.816406 0.603516 0.817383 0.605469 0.817383 0.605469 0.810547 0.604492 0.810547 0.603516 0.809570 0.603516 0.803711 0.602539 0.802734
1 0.065430 0.783203 0.065430 0.830078 0.066406 0.831055 0.066406 0.886719 0.067383 0.886719 0.067383 0.884766 0.068359 0.883789 0.067383 0.882812 0.067383 0.873047 0.068359 0.872070 0.068359 0.867188 0.069336 0.866211 0.069336 0.859375 0.070312 0.858398 0.070312 0.852539 0.069336 0.851562 0.069336 0.850586 0.070312 0.849609 0.069336 0.848633 0.069336 0.845703 0.070312 0.844727 0.070312 0.841797 0.069336 0.840820 0.070312 0.839844 0.070312 0.829102 0.069336 0.828125 0.069336 0.825195 0.070312 0.824219 0.070312 0.819336 0.071289 0.818359 0.072266 0.819336 0.072266 0.822266 0.072266 0.803711 0.071289 0.802734 0.071289 0.801758 0.070312 0.800781 0.070312 0.797852 0.069336 0.796875 0.070312 0.795898 0.070312 0.794922 0.069336 0.793945 0.068359 0.793945 0.067383 0.792969 0.067383 0.791016 0.066406 0.790039 0.066406 0.787109 0.067383 0.786133 0.066406 0.786133 0.065430 0.785156
1 0.182617 0.782227 0.179688 0.782227 0.178711 0.783203 0.178711 0.785156 0.177734 0.786133 0.177734 0.792969 0.176758 0.793945 0.176758 0.803711 0.175781 0.804688 0.175781 0.810547 0.176758 0.811523 0.176758 0.817383 0.177734 0.818359 0.177734 0.819336 0.178711 0.819336 0.178711 0.818359 0.179688 0.817383 0.179688 0.813477 0.178711 0.812500 0.178711 0.808594 0.179688 0.807617 0.179688 0.806641 0.178711 0.805664 0.179688 0.804688 0.179688 0.803711 0.180664 0.802734 0.180664 0.801758 0.181641 0.800781 0.181641 0.799805 0.182617 0.798828 0.182617 0.794922 0.183594 0.793945 0.183594 0.787109 0.182617 0.786133
1 0.425781 0.774414 0.425781 0.777344 0.424805 0.778320 0.423828 0.777344 0.421875 0.779297 0.421875 0.780273 0.416992 0.785156 0.416016 0.784180 0.416016 0.780273 0.415039 0.780273 0.415039 0.781250 0.413086 0.784180 0.413086 0.791016 0.414062 0.791992 0.414062 0.792969 0.413086 0.793945 0.413086 0.804688 0.414062 0.805664 0.414062 0.814453 0.415039 0.815430 0.415039 0.831055 0.414062 0.832031 0.413086 0.831055 0.413086 0.830078 0.413086 0.838867 0.415039 0.840820 0.415039 0.843750 0.416016 0.844727 0.415039 0.845703 0.414062 0.845703 0.414062 0.848633 0.415039 0.849609 0.415039 0.851562 0.416992 0.853516 0.416992 0.852539 0.417969 0.851562 0.418945 0.852539 0.418945 0.854492 0.420898 0.857422 0.420898 0.859375 0.419922 0.860352 0.419922 0.868164 0.420898 0.869141 0.420898 0.873047 0.419922 0.874023 0.420898 0.875000 0.420898 0.893555 0.423828 0.896484 0.423828 0.897461 0.424805 0.898438 0.424805 0.901367 0.427734 0.903320 0.427734 0.904297 0.428711 0.905273 0.428711 0.907227 0.429688 0.908203 0.429688 0.910156 0.432617 0.913086 0.434570 0.917969 0.435547 0.916992 0.438477 0.916992 0.439453 0.917969 0.439453 0.919922 0.438477 0.920898 0.438477 0.921875 0.439453 0.921875 0.439453 0.920898 0.440430 0.919922 0.440430 0.917969 0.442383 0.916016 0.444336 0.916016 0.447266 0.913086 0.449219 0.913086 0.449219 0.908203 0.448242 0.907227 0.448242 0.835938 0.447266 0.834961 0.447266 0.827148 0.448242 0.826172 0.448242 0.820312 0.448242 0.821289 0.447266 0.822266 0.446289 0.821289 0.443359 0.821289 0.441406 0.819336 0.441406 0.817383 0.439453 0.814453 0.439453 0.808594 0.436523 0.806641 0.436523 0.802734 0.435547 0.801758 0.435547 0.798828 0.434570 0.797852 0.434570 0.794922 0.433594 0.793945 0.433594 0.792969 0.434570 0.791992 0.434570 0.790039 0.435547 0.789062 0.435547 0.788086 0.434570 0.787109 0.434570 0.785156 0.433594 0.784180 0.432617 0.781250 0.431641 0.782227 0.429688 0.780273 0.429688 0.778320 0.427734 0.776367 0.427734 0.775391 0.426758 0.774414
1 0.045898 0.760742 0.044922 0.761719 0.045898 0.762695 0.045898 0.763672 0.044922 0.764648 0.044922 0.771484 0.043945 0.772461 0.042969 0.772461 0.042969 0.773438 0.041992 0.774414 0.041992 0.785156 0.042969 0.786133 0.042969 0.787109 0.042969 0.786133 0.043945 0.785156 0.043945 0.782227 0.044922 0.781250 0.044922 0.779297 0.045898 0.778320 0.046875 0.778320 0.046875 0.773438 0.045898 0.772461
1 0.989258 0.736328 0.987305 0.738281 0.987305 0.743164 0.989258 0.745117 0.989258 0.746094
1 0.978516 0.734375 0.976562 0.734375 0.973633 0.737305 0.973633 0.739258 0.972656 0.740234 0.972656 0.742188 0.971680 0.743164 0.972656 0.744141 0.972656 0.750000 0.971680 0.750977 0.971680 0.751953 0.972656 0.752930 0.972656 0.754883 0.977539 0.754883 0.977539 0.753906 0.978516 0.752930 0.978516 0.750977 0.979492 0.750000 0.982422 0.750000 0.982422 0.749023 0.983398 0.748047 0.983398 0.747070 0.984375 0.746094 0.984375 0.744141 0.985352 0.743164 0.985352 0.740234 0.984375 0.739258 0.984375 0.738281 0.982422 0.736328 0.980469 0.736328
1 0.041016 0.686523 0.041992 0.689453 0.041016 0.690430 0.041016 0.698242 0.040039 0.699219 0.041016 0.702148 0.040039 0.703125 0.039062 0.713867 0.036133 0.723633 0.036133 0.731445 0.037109 0.732422 0.037109 0.739258 0.038086 0.740234 0.037109 0.742188 0.038086 0.743164 0.038086 0.754883 0.036133 0.757812 0.035156 0.756836 0.034180 0.757812 0.033203 0.755859 0.032227 0.756836 0.027344 0.753906 0.028320 0.757812 0.027344 0.758789 0.026367 0.786133 0.024414 0.789062 0.024414 0.793945 0.022461 0.799805 0.023438 0.803711 0.021484 0.805664 0.022461 0.808594 0.024414 0.803711 0.026367 0.802734 0.027344 0.804688 0.028320 0.803711 0.029297 0.804688 0.029297 0.816406 0.030273 0.817383 0.029297 0.821289 0.030273 0.822266 0.030273 0.829102 0.031250 0.830078 0.030273 0.833008 0.032227 0.838867 0.036133 0.840820 0.034180 0.844727 0.034180 0.851562 0.035156 0.852539 0.035156 0.856445 0.036133 0.857422 0.035156 0.858398 0.037109 0.863281 0.036133 0.875000 0.039062 0.882812 0.040039 0.891602 0.041992 0.893555 0.041016 0.896484 0.041992 0.897461 0.042969 0.917969 0.041016 0.923828 0.042969 0.927734 0.042969 0.932617 0.041992 0.933594 0.042969 0.935547 0.042969 0.942383 0.041992 0.943359 0.040039 0.939453 0.040039 0.942383 0.041016 0.943359 0.041016 0.950195 0.042969 0.950195 0.044922 0.946289 0.044922 0.941406 0.045898 0.940430 0.046875 0.942383 0.045898 0.939453 0.047852 0.938477 0.047852 0.882812 0.046875 0.881836 0.047852 0.878906 0.046875 0.880859 0.041992 0.873047 0.041016 0.870117 0.041992 0.869141 0.040039 0.866211 0.040039 0.862305 0.037109 0.854492 0.039062 0.847656 0.038086 0.846680 0.038086 0.838867 0.037109 0.837891 0.038086 0.836914 0.037109 0.833984 0.037109 0.826172 0.039062 0.821289 0.038086 0.815430 0.039062 0.814453 0.039062 0.805664 0.040039 0.804688 0.040039 0.793945 0.039062 0.795898 0.037109 0.791992 0.035156 0.792969 0.035156 0.797852 0.034180 0.798828 0.035156 0.799805 0.035156 0.804688 0.034180 0.805664 0.032227 0.804688 0.031250 0.801758 0.031250 0.797852 0.032227 0.796875 0.031250 0.784180 0.032227 0.782227 0.034180 0.781250 0.035156 0.782227 0.034180 0.787109 0.035156 0.787109 0.035156 0.784180 0.037109 0.781250 0.036133 0.779297 0.038086 0.775391 0.039062 0.768555 0.041016 0.765625 0.041992 0.766602 0.041016 0.765625 0.041016 0.756836 0.042969 0.752930 0.042969 0.750000 0.044922 0.747070 0.044922 0.735352 0.045898 0.734375 0.045898 0.687500 0.043945 0.688477 0.042969 0.690430 0.041016 0.688477
1 1.319336 0.672852 1.319336 0.734375 1.320312 0.735352 1.320312 0.804688 1.321289 0.805664 1.321289 0.810547 1.324219 0.810547 1.325195 0.809570 1.326172 0.810547 1.328125 0.810547 1.329102 0.811523 1.329102 0.814453 1.330078 0.814453 1.333008 0.818359 1.335938 0.818359 1.338867 0.816406 1.341797 0.816406 1.342773 0.815430 1.344727 0.815430 1.346680 0.816406 1.346680 0.812500 1.348633 0.810547 1.349609 0.811523 1.353516 0.811523 1.354492 0.808594 1.358398 0.806641 1.360352 0.802734 1.360352 0.800781 1.361328 0.799805 1.361328 0.794922 1.364258 0.791992 1.366211 0.791992 1.368164 0.790039 1.369141 0.790039 1.370117 0.789062 1.369141 0.788086 1.369141 0.786133 1.371094 0.784180 1.373047 0.784180 1.373047 0.778320 1.375000 0.775391 1.376953 0.775391 1.378906 0.773438 1.382812 0.771484 1.383789 0.769531 1.383789 0.767578 1.384766 0.766602 1.385742 0.768555 1.387695 0.769531 1.386719 0.771484 1.387695 0.770508 1.387695 0.767578 1.388672 0.766602 1.388672 0.764648 1.386719 0.762695 1.388672 0.761719 1.388672 0.760742 1.390625 0.759766 1.391602 0.757812 1.390625 0.755859 1.390625 0.752930 1.389648 0.751953 1.389648 0.749023 1.390625 0.748047 1.390625 0.745117 1.391602 0.744141 1.391602 0.742188 1.390625 0.741211 1.390625 0.738281 1.389648 0.737305 1.390625 0.736328 1.390625 0.733398 1.391602 0.732422 1.391602 0.720703 1.389648 0.719727 1.386719 0.719727 1.385742 0.721680 1.383789 0.721680 1.379883 0.718750 1.378906 0.716797 1.378906 0.711914 1.377930 0.710938 1.377930 0.706055 1.376953 0.705078 1.377930 0.703125 1.376953 0.704102 1.375977 0.703125 1.374023 0.699219 1.374023 0.697266 1.373047 0.696289 1.373047 0.692383 1.370117 0.688477 1.368164 0.687500 1.364258 0.689453 1.363281 0.688477 1.364258 0.687500 1.364258 0.685547 1.363281 0.684570 1.359375 0.686523 1.354492 0.686523 1.353516 0.685547 1.352539 0.687500 1.350586 0.688477 1.347656 0.686523 1.345703 0.686523 1.343750 0.685547 1.341797 0.683594 1.337891 0.681641 1.333984 0.683594 1.331055 0.683594 1.330078 0.682617 1.328125 0.682617 1.327148 0.680664 1.324219 0.679688 1.321289 0.676758 1.321289 0.673828
1 0.857422 0.666016 0.859375 0.826172 0.862305 0.824219 0.864258 0.826172 0.862305 0.827148 0.863281 0.829102 0.870117 0.826172 0.883789 0.833008 0.907227 0.830078 0.916016 0.827148 0.925781 0.836914 0.934570 0.840820 0.938477 0.844727 0.946289 0.845703 0.947266 0.849609 0.952148 0.847656 0.959961 0.840820 0.966797 0.840820 0.967773 0.836914 0.974609 0.836914 0.981445 0.833984 0.985352 0.829102 0.982422 0.826172 0.965820 0.826172 0.954102 0.818359 0.941406 0.816406 0.935547 0.813477 0.932617 0.803711 0.934570 0.801758 0.936523 0.806641 0.938477 0.803711 0.933594 0.798828 0.933594 0.795898 0.925781 0.801758 0.922852 0.801758 0.916016 0.796875 0.918945 0.790039 0.916992 0.786133 0.918945 0.784180 0.918945 0.775391 0.914062 0.773438 0.914062 0.765625 0.912109 0.763672 0.916016 0.762695 0.916992 0.756836 0.912109 0.757812 0.910156 0.750977 0.915039 0.745117 0.919922 0.745117 0.925781 0.740234 0.927734 0.742188 0.928711 0.757812 0.933594 0.762695 0.929688 0.770508 0.932617 0.775391 0.934570 0.775391 0.935547 0.770508 0.941406 0.774414 0.943359 0.777344 0.938477 0.780273 0.946289 0.785156 0.947266 0.790039 0.951172 0.790039 0.950195 0.791992 0.952148 0.794922 0.958008 0.798828 0.969727 0.801758 0.977539 0.798828 0.975586 0.793945 0.977539 0.792969 0.987305 0.795898 0.993164 0.802734 0.997070 0.802734 1.003906 0.798828 1.002930 0.795898 1.004883 0.793945 1.014648 0.792969 1.018555 0.795898 1.019531 0.791992 1.022461 0.790039 1.021484 0.739258 1.020508 0.738281 1.009766 0.746094 1.004883 0.751953 0.996094 0.755859 0.995117 0.757812 0.986328 0.756836 0.982422 0.759766 0.981445 0.758789 0.981445 0.764648 0.969727 0.758789 0.961914 0.761719 0.954102 0.751953 0.957031 0.742188 0.960938 0.739258 0.958984 0.737305 0.958984 0.732422 0.956055 0.731445 0.956055 0.728516 0.958984 0.724609 0.960938 0.729492 0.963867 0.722656 0.960938 0.721680 0.963867 0.718750 0.963867 0.713867 0.961914 0.716797 0.958984 0.715820 0.961914 0.702148 0.962891 0.704102 0.963867 0.701172 0.960938 0.703125 0.957031 0.699219 0.958984 0.696289 0.954102 0.695312 0.950195 0.698242 0.935547 0.715820 0.935547 0.709961 0.932617 0.707031 0.932617 0.704102 0.927734 0.701172 0.930664 0.699219 0.930664 0.696289 0.927734 0.695312 0.924805 0.697266 0.917969 0.693359 0.908203 0.693359 0.904297 0.691406 0.905273 0.685547 0.909180 0.682617 0.910156 0.671875 0.906250 0.668945 0.910156 0.664062
1 0.951172 0.663086 0.949219 0.663086 0.948242 0.662109 0.947266 0.662109 0.946289 0.663086 0.934570 0.663086 0.934570 0.667969 0.936523 0.669922 0.935547 0.670898 0.936523 0.669922 0.938477 0.669922 0.939453 0.668945 0.943359 0.668945 0.945312 0.666992 0.945312 0.665039 0.946289 0.664062 0.947266 0.665039 0.948242 0.665039 0.950195 0.666992 0.951172 0.666016
1 0.997070 0.661133 0.972656 0.661133 0.971680 0.662109 0.960938 0.662109 0.960938 0.664062 0.959961 0.665039 0.957031 0.665039 0.957031 0.669922 0.958008 0.670898 0.958008 0.671875 0.958984 0.672852 0.958984 0.673828 0.959961 0.674805 0.958984 0.675781 0.958984 0.678711 0.959961 0.679688 0.959961 0.681641 0.962891 0.684570 0.961914 0.685547 0.961914 0.687500 0.958984 0.690430 0.957031 0.690430 0.957031 0.692383 0.956055 0.693359 0.957031 0.693359 0.957031 0.692383 0.958008 0.691406 0.958984 0.691406 0.959961 0.692383 0.959961 0.693359 0.961914 0.695312 0.960938 0.696289 0.960938 0.697266 0.961914 0.698242 0.961914 0.699219 0.961914 0.698242 0.962891 0.697266 0.963867 0.698242 0.963867 0.699219 0.963867 0.698242 0.964844 0.697266 0.965820 0.698242 0.966797 0.697266 0.970703 0.697266 0.972656 0.695312 0.972656 0.694336 0.973633 0.693359 0.973633 0.692383 0.975586 0.690430 0.975586 0.682617 0.976562 0.681641 0.976562 0.678711 0.978516 0.676758 0.979492 0.676758 0.982422 0.679688 0.982422 0.680664 0.987305 0.680664 0.988281 0.681641 0.989258 0.681641 0.990234 0.682617 0.992188 0.680664 0.993164 0.680664 0.994141 0.681641 0.994141 0.682617 0.993164 0.683594 0.993164 0.684570 0.992188 0.685547 0.991211 0.685547 0.991211 0.686523 0.995117 0.686523 0.996094 0.685547 0.997070 0.685547 0.998047 0.684570 0.999023 0.684570 1.000000 0.683594 1.000000 0.682617 0.999023 0.681641 0.999023 0.679688 1.001953 0.676758 1.001953 0.674805 1.002930 0.673828 1.002930 0.670898 1.001953 0.669922 1.000977 0.669922 1.000000 0.668945 1.000000 0.665039 0.998047 0.663086 0.998047 0.662109
1 0.081055 0.636719 0.079102 0.639648 0.080078 0.640625 0.078125 0.642578 0.077148 0.641602 0.077148 0.640625 0.076172 0.640625 0.076172 0.659180 0.075195 0.660156 0.075195 0.663086 0.074219 0.664062 0.073242 0.664062 0.073242 0.665039 0.074219 0.666016 0.074219 0.671875 0.073242 0.672852 0.072266 0.672852 0.072266 0.675781 0.070312 0.678711 0.071289 0.679688 0.071289 0.681641 0.070312 0.682617 0.070312 0.683594 0.071289 0.684570 0.071289 0.696289 0.070312 0.697266 0.070312 0.698242 0.071289 0.699219 0.070312 0.700195 0.070312 0.707031 0.071289 0.708008 0.071289 0.714844 0.070312 0.715820 0.071289 0.716797 0.071289 0.719727 0.072266 0.720703 0.072266 0.722656 0.071289 0.723633 0.071289 0.727539 0.072266 0.728516 0.072266 0.730469 0.073242 0.731445 0.073242 0.756836 0.074219 0.757812 0.074219 0.758789 0.077148 0.761719 0.077148 0.764648 0.079102 0.766602 0.079102 0.764648 0.080078 0.763672 0.082031 0.763672 0.083008 0.764648 0.082031 0.765625 0.082031 0.766602 0.083008 0.765625 0.084961 0.767578 0.084961 0.769531 0.085938 0.768555 0.084961 0.767578 0.084961 0.765625 0.085938 0.764648 0.085938 0.761719 0.086914 0.760742 0.087891 0.761719 0.086914 0.760742 0.087891 0.759766 0.087891 0.738281 0.086914 0.737305 0.087891 0.736328 0.087891 0.735352 0.086914 0.736328 0.085938 0.736328 0.084961 0.735352 0.084961 0.732422 0.083984 0.731445 0.083984 0.725586 0.083008 0.724609 0.083008 0.722656 0.082031 0.721680 0.082031 0.719727 0.083008 0.718750 0.083008 0.716797 0.083984 0.715820 0.083984 0.712891 0.084961 0.711914 0.084961 0.703125 0.083984 0.702148 0.083984 0.698242 0.084961 0.697266 0.083984 0.696289 0.083984 0.685547 0.084961 0.684570 0.084961 0.683594 0.086914 0.681641 0.086914 0.645508 0.084961 0.642578 0.084961 0.640625 0.083984 0.639648 0.083984 0.637695 0.083008 0.637695 0.082031 0.638672 0.081055 0.637695
1 1.551758 0.639648 1.555664 0.887695 1.561523 0.885742 1.565430 0.889648 1.565430 0.900391 1.555664 0.909180 1.558594 1.053711 1.607422 1.052734 1.612305 1.041016 1.611328 1.048828 1.616211 1.051758 1.620117 1.033203 1.624023 1.027344 1.629883 1.029297 1.632812 1.016602 1.628906 1.013672 1.630859 1.004883 1.625977 1.011719 1.623047 1.004883 1.625977 0.997070 1.633789 0.989258 1.635742 0.999023 1.651367 0.991211 1.654297 0.975586 1.657227 0.977539 1.660156 0.972656 1.656250 0.973633 1.655273 0.968750 1.665039 0.947266 1.664062 0.936523 1.674805 0.923828 1.683594 0.932617 1.685547 0.927734 1.701172 0.926758 1.703125 0.929688 1.706055 0.926758 1.707031 0.929688 1.713867 0.920898 1.727539 0.928711 1.729492 0.926758 1.741211 0.937500 1.758789 0.932617 1.769531 0.944336 1.770508 0.950195 1.777344 0.950195 1.779297 0.947266 1.790039 0.956055 1.790039 0.960938 1.793945 0.958008 1.806641 0.972656 1.808594 0.986328 1.803711 1.000000 1.803711 1.011719 1.811523 1.015625 1.805664 1.022461 1.803711 1.019531 1.803711 1.033203 1.807617 1.039062 1.818359 1.028320 1.818359 1.024414 1.814453 1.023438 1.814453 1.016602 1.809570 1.012695 1.813477 1.010742 1.819336 1.019531 1.826172 1.017578 1.824219 1.007812 1.832031 1.008789 1.834961 1.002930 1.837891 1.005859 1.835938 1.000000 1.843750 0.992188 1.849609 0.995117 1.857422 0.988281 1.855469 0.982422 1.862305 0.970703 1.867188 0.971680 1.867188 0.968750 1.863281 0.968750 1.864258 0.963867 1.874023 0.963867 1.871094 0.952148 1.874023 0.945312 1.874023 0.889648 1.674805 0.913086 1.671875 0.909180 1.669922 0.688477 1.665039 0.690430 1.662109 0.687500 1.656250 0.693359 1.656250 0.681641 1.632812 0.683594 1.625000 0.674805 1.625000 0.669922 1.635742 0.659180 1.633789 0.650391 1.639648 0.645508 1.646484 0.648438 1.649414 0.644531 1.648438 0.637695 1.629883 0.635742
1 0.165039 0.628906 0.152344 0.628906 0.154297 0.636719 0.154297 0.646484 0.153320 0.647461 0.154297 0.650391 0.155273 0.650391 0.156250 0.646484 0.156250 0.640625 0.155273 0.639648 0.156250 0.633789 0.157227 0.632812 0.160156 0.635742 0.162109 0.641602 0.162109 0.662109 0.160156 0.664062 0.159180 0.661133 0.158203 0.665039 0.159180 0.666016 0.157227 0.668945 0.157227 0.673828 0.156250 0.674805 0.158203 0.694336 0.159180 0.696289 0.162109 0.697266 0.162109 0.701172 0.160156 0.706055 0.161133 0.707031 0.160156 0.718750 0.157227 0.722656 0.155273 0.721680 0.157227 0.713867 0.157227 0.698242 0.155273 0.700195 0.153320 0.698242 0.153320 0.705078 0.151367 0.710938 0.152344 0.712891 0.150391 0.717773 0.150391 0.726562 0.149414 0.727539 0.147461 0.724609 0.146484 0.716797 0.143555 0.712891 0.142578 0.705078 0.142578 0.710938 0.141602 0.711914 0.141602 0.723633 0.142578 0.724609 0.142578 0.818359 0.143555 0.819336 0.143555 0.826172 0.140625 0.827148 0.135742 0.824219 0.135742 0.831055 0.137695 0.828125 0.139648 0.830078 0.140625 0.833984 0.144531 0.832031 0.147461 0.834961 0.150391 0.833984 0.150391 0.829102 0.152344 0.826172 0.151367 0.822266 0.152344 0.821289 0.158203 0.827148 0.158203 0.816406 0.160156 0.814453 0.161133 0.815430 0.160156 0.814453 0.162109 0.811523 0.162109 0.808594 0.165039 0.804688 0.166016 0.805664 0.166016 0.810547 0.164062 0.814453 0.164062 0.819336 0.165039 0.822266 0.166992 0.820312 0.167969 0.817383 0.166992 0.816406 0.167969 0.815430 0.167969 0.803711 0.166016 0.804688 0.165039 0.803711 0.165039 0.792969 0.166016 0.791992 0.166992 0.793945 0.168945 0.790039 0.170898 0.792969 0.170898 0.799805 0.171875 0.800781 0.170898 0.801758 0.171875 0.804688 0.170898 0.807617 0.171875 0.806641 0.170898 0.705078 0.169922 0.704102 0.170898 0.703125 0.169922 0.629883 0.166016 0.629883
1 0.940430 0.626953 0.935547 0.626953 0.934570 0.627930 0.931641 0.627930 0.930664 0.628906 0.926758 0.628906 0.925781 0.629883 0.923828 0.629883 0.922852 0.630859 0.921875 0.630859 0.921875 0.633789 0.920898 0.634766 0.920898 0.641602 0.919922 0.642578 0.917969 0.642578 0.917969 0.643555 0.916992 0.644531 0.916992 0.646484 0.918945 0.648438 0.918945 0.651367 0.919922 0.652344 0.920898 0.652344 0.923828 0.655273 0.929688 0.655273 0.930664 0.654297 0.931641 0.654297 0.932617 0.653320 0.933594 0.653320 0.934570 0.652344 0.936523 0.652344 0.937500 0.651367 0.937500 0.649414 0.938477 0.648438 0.937500 0.647461 0.937500 0.643555 0.938477 0.642578 0.937500 0.641602 0.939453 0.639648 0.940430 0.640625 0.941406 0.639648 0.942383 0.639648 0.943359 0.638672 0.943359 0.637695 0.944336 0.636719 0.944336 0.631836 0.943359 0.630859 0.943359 0.629883
1 1.345703 0.609375 1.344727 0.610352 1.341797 0.610352 1.340820 0.609375 1.339844 0.609375 1.336914 0.606445 1.335938 0.606445 1.334961 0.605469 1.334961 0.603516 1.333984 0.603516 1.333008 0.602539 1.333008 0.601562 1.332031 0.600586 1.332031 0.599609 1.331055 0.600586 1.328125 0.600586 1.327148 0.601562 1.325195 0.599609 1.324219 0.600586 1.320312 0.600586 1.319336 0.601562 1.318359 0.600586 1.316406 0.600586 1.315430 0.601562 1.316406 0.601562 1.317383 0.602539 1.317383 0.601562 1.318359 0.600586 1.319336 0.601562 1.319336 0.603516 1.318359 0.604492 1.318359 0.607422 1.317383 0.608398 1.317383 0.610352 1.316406 0.611328 1.316406 0.612305 1.315430 0.613281 1.315430 0.614258 1.314453 0.615234 1.314453 0.617188 1.315430 0.618164 1.315430 0.619141 1.316406 0.620117 1.316406 0.621094 1.317383 0.622070 1.317383 0.623047 1.318359 0.624023 1.318359 0.625000 1.319336 0.625977 1.319336 0.626953 1.320312 0.627930 1.321289 0.627930 1.321289 0.625000 1.320312 0.624023 1.320312 0.616211 1.321289 0.615234 1.322266 0.615234 1.323242 0.614258 1.324219 0.615234 1.325195 0.615234 1.326172 0.614258 1.327148 0.614258 1.328125 0.615234 1.329102 0.614258 1.330078 0.614258 1.332031 0.616211 1.332031 0.617188 1.333984 0.617188 1.334961 0.618164 1.334961 0.621094 1.340820 0.621094 1.340820 0.619141 1.341797 0.618164 1.342773 0.618164 1.341797 0.618164 1.340820 0.617188 1.340820 0.615234 1.342773 0.613281 1.342773 0.611328 1.343750 0.610352 1.344727 0.611328 1.345703 0.611328
1 0.470703 0.595703 0.470703 0.597656 0.469727 0.598633 0.469727 0.603516 0.468750 0.604492 0.467773 0.604492 0.466797 0.605469 0.464844 0.605469 0.464844 0.606445 0.465820 0.607422 0.465820 0.609375 0.466797 0.610352 0.466797 0.612305 0.467773 0.613281 0.467773 0.614258 0.468750 0.614258 0.469727 0.615234 0.470703 0.615234 0.470703 0.614258 0.471680 0.613281 0.471680 0.610352 0.470703 0.609375 0.471680 0.608398 0.471680 0.597656 0.470703 0.596680
1 1.613281 0.588867 1.610352 0.588867 1.609375 0.589844 1.608398 0.589844 1.605469 0.592773 1.604492 0.591797 1.604492 0.595703 1.605469 0.596680 1.605469 0.597656 1.604492 0.598633 1.602539 0.598633 1.601562 0.599609 1.601562 0.600586 1.602539 0.601562 1.602539 0.602539 1.603516 0.601562 1.604492 0.601562 1.605469 0.602539 1.609375 0.602539 1.610352 0.601562 1.611328 0.601562 1.611328 0.596680 1.612305 0.595703 1.613281 0.596680 1.613281 0.594727 1.614258 0.593750 1.613281 0.592773 1.614258 0.591797 1.614258 0.590820 1.613281 0.589844
1 0.063477 0.583008 0.063477 0.594727 0.064453 0.594727 0.064453 0.591797 0.063477 0.590820 0.064453 0.589844 0.064453 0.583008
1 0.378906 0.565430 0.371094 0.565430 0.371094 0.567383 0.370117 0.568359 0.369141 0.567383 0.369141 0.566406 0.369141 0.568359 0.368164 0.569336 0.368164 0.571289 0.367188 0.572266 0.367188 0.577148 0.366211 0.578125 0.366211 0.579102 0.368164 0.581055 0.368164 0.583984 0.371094 0.586914 0.371094 0.590820 0.372070 0.591797 0.372070 0.593750 0.374023 0.595703 0.374023 0.596680 0.374023 0.595703 0.373047 0.594727 0.374023 0.593750 0.374023 0.589844 0.375000 0.588867 0.375000 0.586914 0.375977 0.585938 0.375977 0.583008 0.376953 0.582031 0.376953 0.581055 0.377930 0.580078 0.377930 0.579102 0.378906 0.578125
1 0.328125 0.565430 0.328125 0.572266 0.329102 0.573242 0.329102 0.574219 0.330078 0.574219 0.331055 0.575195 0.331055 0.576172 0.332031 0.577148 0.332031 0.578125 0.333008 0.579102 0.333008 0.581055 0.333984 0.582031 0.333984 0.583008 0.335938 0.584961 0.335938 0.585938 0.336914 0.585938 0.336914 0.583984 0.337891 0.583008 0.337891 0.582031 0.336914 0.581055 0.336914 0.575195 0.337891 0.574219 0.338867 0.574219 0.338867 0.570312 0.339844 0.569336 0.339844 0.565430
1 0.238281 0.565430 0.238281 0.566406 0.239258 0.567383 0.239258 0.568359 0.240234 0.569336 0.241211 0.568359 0.242188 0.568359 0.243164 0.567383 0.244141 0.568359 0.244141 0.569336 0.245117 0.569336 0.246094 0.568359 0.247070 0.568359 0.248047 0.567383 0.250977 0.567383 0.250977 0.565430
1 0.275391 0.548828 0.273438 0.548828 0.273438 0.552734 0.272461 0.553711 0.272461 0.556641 0.271484 0.557617 0.270508 0.556641 0.270508 0.564453 0.269531 0.565430 0.264648 0.565430 0.262695 0.563477 0.262695 0.561523 0.261719 0.560547 0.261719 0.570312 0.262695 0.571289 0.263672 0.570312 0.264648 0.570312 0.268555 0.574219 0.268555 0.575195 0.269531 0.575195 0.272461 0.572266 0.272461 0.571289 0.273438 0.570312 0.273438 0.565430 0.274414 0.564453 0.285156 0.564453 0.284180 0.563477 0.284180 0.562500 0.283203 0.561523 0.283203 0.560547 0.282227 0.559570 0.282227 0.555664 0.279297 0.552734 0.278320 0.552734 0.277344 0.551758 0.276367 0.552734 0.275391 0.551758
1 0.046875 0.515625 0.045898 0.516602 0.045898 0.522461 0.044922 0.523438 0.044922 0.535156 0.045898 0.536133 0.045898 0.537109 0.046875 0.538086 0.046875 0.539062 0.047852 0.539062 0.048828 0.540039 0.048828 0.541016 0.049805 0.541992 0.050781 0.541992 0.050781 0.539062 0.051758 0.538086 0.051758 0.533203 0.050781 0.532227 0.050781 0.522461 0.049805 0.521484 0.048828 0.522461 0.047852 0.521484 0.047852 0.516602
1 0.150391 0.463867 0.150391 0.470703 0.152344 0.472656 0.152344 0.477539 0.153320 0.478516 0.153320 0.482422 0.154297 0.483398 0.154297 0.490234 0.155273 0.491211 0.155273 0.492188 0.154297 0.493164 0.154297 0.494141 0.155273 0.495117 0.154297 0.496094 0.154297 0.497070 0.155273 0.498047 0.155273 0.500977 0.154297 0.501953 0.155273 0.502930 0.155273 0.504883 0.154297 0.505859 0.154297 0.506836 0.155273 0.507812 0.155273 0.499023 0.156250 0.498047 0.156250 0.496094 0.155273 0.495117 0.155273 0.490234 0.156250 0.489258 0.156250 0.486328 0.155273 0.485352 0.155273 0.483398 0.156250 0.482422 0.155273 0.481445 0.155273 0.478516 0.154297 0.477539 0.154297 0.471680 0.153320 0.470703 0.153320 0.469727 0.152344 0.468750 0.152344 0.466797 0.151367 0.465820 0.151367 0.464844
1 1.801758 0.404297 1.800781 0.405273 1.799805 0.404297 1.798828 0.405273 1.797852 0.405273 1.797852 0.407227 1.796875 0.408203 1.796875 0.411133 1.794922 0.413086 1.794922 0.414062 1.793945 0.415039 1.795898 0.416992 1.796875 0.416992 1.794922 0.415039 1.796875 0.413086 1.800781 0.413086 1.801758 0.412109 1.801758 0.410156 1.802734 0.409180 1.802734 0.407227 1.803711 0.406250
1 0.085938 0.389648 0.085938 0.390625 0.084961 0.391602 0.083984 0.390625 0.082031 0.390625 0.082031 0.391602 0.083008 0.392578 0.082031 0.393555 0.082031 0.394531 0.083984 0.396484 0.083984 0.400391 0.084961 0.401367 0.084961 0.405273 0.083984 0.406250 0.083984 0.425781 0.083008 0.426758 0.083008 0.431641 0.081055 0.433594 0.081055 0.437500 0.082031 0.438477 0.082031 0.448242 0.083008 0.449219 0.083008 0.450195 0.082031 0.451172 0.082031 0.454102 0.081055 0.455078 0.081055 0.457031 0.080078 0.458008 0.080078 0.463867 0.079102 0.464844 0.079102 0.465820 0.080078 0.466797 0.079102 0.467773 0.079102 0.473633 0.080078 0.474609 0.079102 0.473633 0.080078 0.472656 0.080078 0.470703 0.081055 0.469727 0.081055 0.468750 0.082031 0.467773 0.082031 0.465820 0.083008 0.464844 0.083008 0.461914 0.082031 0.460938 0.082031 0.459961 0.083008 0.458984 0.083008 0.454102 0.084961 0.452148 0.084961 0.449219 0.086914 0.447266 0.086914 0.446289 0.085938 0.445312 0.086914 0.444336 0.086914 0.440430 0.087891 0.439453 0.087891 0.438477 0.086914 0.437500 0.086914 0.431641 0.087891 0.430664 0.087891 0.419922 0.088867 0.418945 0.088867 0.416016 0.089844 0.415039 0.089844 0.411133 0.088867 0.410156 0.088867 0.407227 0.089844 0.406250 0.088867 0.405273 0.088867 0.399414 0.087891 0.398438 0.087891 0.396484 0.086914 0.395508 0.086914 0.391602 0.085938 0.390625
1 0.061523 0.368164 0.059570 0.371094 0.059570 0.375977 0.058594 0.376953 0.058594 0.379883 0.059570 0.380859 0.059570 0.385742 0.058594 0.386719 0.058594 0.390625 0.059570 0.391602 0.058594 0.392578 0.058594 0.395508 0.056641 0.397461 0.056641 0.399414 0.057617 0.400391 0.057617 0.403320 0.056641 0.404297 0.058594 0.406250 0.058594 0.407227 0.059570 0.404297 0.060547 0.403320 0.061523 0.404297 0.061523 0.432617 0.062500 0.433594 0.062500 0.464844 0.062500 0.463867 0.063477 0.462891 0.063477 0.440430 0.064453 0.439453 0.064453 0.435547 0.063477 0.434570 0.063477 0.430664 0.064453 0.429688 0.064453 0.427734 0.065430 0.426758 0.064453 0.425781 0.064453 0.418945 0.065430 0.417969 0.066406 0.418945 0.066406 0.420898 0.068359 0.423828 0.068359 0.437500 0.067383 0.438477 0.067383 0.441406 0.068359 0.440430 0.068359 0.438477 0.069336 0.437500 0.070312 0.438477 0.070312 0.452148 0.069336 0.453125 0.067383 0.451172 0.067383 0.448242 0.067383 0.453125 0.068359 0.454102 0.068359 0.465820 0.069336 0.466797 0.069336 0.467773 0.069336 0.456055 0.070312 0.455078 0.071289 0.456055 0.071289 0.457031 0.071289 0.449219 0.072266 0.448242 0.072266 0.444336 0.073242 0.443359 0.072266 0.442383 0.072266 0.437500 0.073242 0.436523 0.073242 0.434570 0.072266 0.433594 0.072266 0.430664 0.073242 0.429688 0.073242 0.428711 0.072266 0.427734 0.072266 0.424805 0.073242 0.423828 0.073242 0.422852 0.072266 0.421875 0.072266 0.417969 0.073242 0.416992 0.073242 0.411133 0.074219 0.410156 0.074219 0.405273 0.075195 0.404297 0.075195 0.402344 0.076172 0.401367 0.076172 0.397461 0.075195 0.397461 0.074219 0.396484 0.074219 0.392578 0.073242 0.391602 0.073242 0.389648 0.073242 0.391602 0.072266 0.392578 0.072266 0.397461 0.071289 0.398438 0.071289 0.411133 0.069336 0.413086 0.068359 0.412109 0.068359 0.408203 0.069336 0.407227 0.068359 0.406250 0.068359 0.403320 0.069336 0.402344 0.069336 0.399414 0.068359 0.398438 0.068359 0.392578 0.069336 0.391602 0.069336 0.387695 0.068359 0.388672 0.067383 0.387695 0.067383 0.383789 0.068359 0.382812 0.068359 0.381836 0.066406 0.379883 0.066406 0.375977 0.065430 0.375977 0.064453 0.376953 0.061523 0.375000 0.061523 0.371094 0.060547 0.370117 0.061523 0.369141
1 1.799805 0.355469 1.799805 0.361328 1.801758 0.361328 1.803711 0.363281 1.803711 0.365234 1.804688 0.366211 1.804688 0.369141 1.802734 0.372070 1.802734 0.374023 1.800781 0.375977 1.800781 0.376953 1.799805 0.377930 1.799805 0.381836 1.798828 0.382812 1.798828 0.383789 1.799805 0.384766 1.799805 0.386719 1.801758 0.388672 1.801758 0.390625 1.802734 0.390625 1.803711 0.391602 1.804688 0.390625 1.805664 0.390625 1.807617 0.392578 1.806641 0.393555 1.806641 0.398438 1.808594 0.400391 1.809570 0.399414 1.810547 0.399414 1.812500 0.401367 1.812500 0.402344 1.813477 0.403320 1.814453 0.403320 1.813477 0.402344 1.813477 0.399414 1.814453 0.398438 1.818359 0.398438 1.819336 0.399414 1.818359 0.400391 1.818359 0.401367 1.819336 0.402344 1.819336 0.404297 1.821289 0.406250 1.824219 0.406250 1.826172 0.408203 1.826172 0.411133 1.827148 0.410156 1.828125 0.410156 1.829102 0.411133 1.831055 0.411133 1.831055 0.409180 1.833984 0.406250 1.834961 0.406250 1.837891 0.409180 1.838867 0.409180 1.839844 0.410156 1.844727 0.410156 1.845703 0.411133 1.846680 0.410156 1.847656 0.411133 1.847656 0.414062 1.848633 0.415039 1.848633 0.417969 1.849609 0.418945 1.849609 0.420898 1.850586 0.420898 1.851562 0.421875 1.854492 0.421875 1.854492 0.419922 1.853516 0.418945 1.853516 0.414062 1.854492 0.413086 1.854492 0.412109 1.856445 0.410156 1.857422 0.410156 1.857422 0.409180 1.855469 0.406250 1.855469 0.405273 1.856445 0.404297 1.855469 0.403320 1.855469 0.402344 1.854492 0.402344 1.852539 0.400391 1.852539 0.397461 1.851562 0.396484 1.851562 0.395508 1.852539 0.394531 1.852539 0.389648 1.853516 0.388672 1.853516 0.384766 1.851562 0.382812 1.851562 0.380859 1.848633 0.377930 1.845703 0.377930 1.844727 0.378906 1.843750 0.377930 1.843750 0.376953 1.840820 0.374023 1.839844 0.374023 1.836914 0.371094 1.836914 0.370117 1.835938 0.369141 1.835938 0.367188 1.834961 0.366211 1.835938 0.365234 1.835938 0.359375 1.835938 0.365234 1.834961 0.366211 1.833984 0.365234 1.833984 0.363281 1.832031 0.361328 1.832031 0.360352 1.831055 0.359375 1.831055 0.358398 1.830078 0.357422 1.830078 0.356445 1.829102 0.356445 1.828125 0.355469 1.828125 0.354492 1.827148 0.353516 1.827148 0.352539 1.824219 0.350586 1.822266 0.350586 1.819336 0.352539 1.817383 0.350586 1.817383 0.352539 1.815430 0.355469 1.814453 0.354492 1.814453 0.352539 1.813477 0.352539 1.814453 0.353516 1.814453 0.356445 1.813477 0.357422 1.811523 0.357422 1.810547 0.358398 1.806641 0.358398 1.804688 0.356445 1.804688 0.355469 1.803711 0.356445 1.802734 0.356445 1.801758 0.355469
1 0.644531 0.337891 0.644531 0.357422 0.645508 0.358398 0.645508 0.382812 0.645508 0.381836 0.646484 0.380859 0.647461 0.380859 0.648438 0.381836 0.648438 0.383789 0.649414 0.383789 0.649414 0.382812 0.652344 0.379883 0.653320 0.379883 0.653320 0.374023 0.652344 0.373047 0.652344 0.368164 0.651367 0.367188 0.651367 0.364258 0.652344 0.363281 0.652344 0.358398 0.651367 0.357422 0.651367 0.353516 0.652344 0.352539 0.651367 0.351562 0.651367 0.343750 0.652344 0.342773 0.652344 0.341797 0.651367 0.340820 0.651367 0.339844 0.650391 0.339844 0.649414 0.338867 0.649414 0.337891 0.648438 0.338867 0.647461 0.338867 0.646484 0.337891
1 0.712891 0.325195 0.711914 0.326172 0.711914 0.364258 0.712891 0.365234 0.712891 0.373047 0.713867 0.372070 0.714844 0.372070 0.715820 0.371094 0.716797 0.371094 0.718750 0.373047 0.719727 0.373047 0.720703 0.374023 0.720703 0.375977 0.721680 0.375977 0.723633 0.374023 0.724609 0.374023 0.726562 0.372070 0.732422 0.372070 0.732422 0.368164 0.731445 0.367188 0.731445 0.366211 0.730469 0.365234 0.730469 0.363281 0.729492 0.362305 0.729492 0.359375 0.727539 0.357422 0.728516 0.356445 0.728516 0.355469 0.730469 0.353516 0.730469 0.352539 0.729492 0.351562 0.729492 0.348633 0.728516 0.347656 0.728516 0.343750 0.729492 0.342773 0.728516 0.341797 0.728516 0.340820 0.727539 0.339844 0.727539 0.333984 0.728516 0.333008 0.729492 0.333008 0.729492 0.332031 0.728516 0.332031 0.727539 0.331055 0.727539 0.329102 0.726562 0.329102 0.725586 0.330078 0.724609 0.329102 0.724609 0.328125 0.723633 0.327148 0.722656 0.327148 0.721680 0.328125 0.720703 0.328125 0.719727 0.327148 0.717773 0.327148 0.716797 0.326172 0.714844 0.326172 0.713867 0.325195
1 0.871094 0.306641 0.870117 0.306641 0.870117 0.307617 0.869141 0.308594 0.868164 0.307617 0.868164 0.308594 0.867188 0.309570 0.866211 0.309570 0.866211 0.311523 0.858398 0.320312 0.857422 0.320312 0.856445 0.319336 0.853516 0.322266 0.854492 0.322266 0.855469 0.323242 0.855469 0.324219 0.853516 0.326172 0.854492 0.326172 0.854492 0.325195 0.855469 0.324219 0.856445 0.324219 0.857422 0.325195 0.857422 0.328125 0.855469 0.331055 0.855469 0.338867 0.854492 0.339844 0.853516 0.338867 0.853516 0.336914 0.853516 0.346680 0.854492 0.346680 0.855469 0.347656 0.855469 0.349609 0.856445 0.350586 0.856445 0.352539 0.855469 0.353516 0.855469 0.355469 0.854492 0.356445 0.854492 0.360352 0.853516 0.361328 0.853516 0.376953 0.854492 0.377930 0.854492 0.420898 0.855469 0.421875 0.855469 0.423828 0.856445 0.424805 0.856445 0.425781 0.857422 0.425781 0.859375 0.427734 0.859375 0.428711 0.860352 0.428711 0.861328 0.429688 0.869141 0.429688 0.871094 0.427734 0.872070 0.427734 0.872070 0.426758 0.873047 0.425781 0.874023 0.425781 0.875977 0.422852 0.875977 0.419922 0.876953 0.418945 0.876953 0.416016 0.881836 0.412109 0.882812 0.412109 0.883789 0.411133 0.885742 0.411133 0.885742 0.409180 0.886719 0.408203 0.886719 0.406250 0.887695 0.405273 0.888672 0.405273 0.888672 0.403320 0.889648 0.402344 0.892578 0.402344 0.894531 0.404297 0.895508 0.404297 0.896484 0.403320 0.896484 0.402344 0.897461 0.401367 0.898438 0.401367 0.898438 0.399414 0.899414 0.398438 0.899414 0.397461 0.902344 0.392578 0.902344 0.389648 0.900391 0.387695 0.900391 0.385742 0.899414 0.384766 0.899414 0.383789 0.896484 0.380859 0.896484 0.378906 0.895508 0.377930 0.895508 0.374023 0.896484 0.373047 0.896484 0.369141 0.897461 0.368164 0.898438 0.368164 0.897461 0.367188 0.897461 0.361328 0.898438 0.360352 0.898438 0.353516 0.899414 0.352539 0.899414 0.349609 0.900391 0.348633 0.899414 0.345703 0.900391 0.344727 0.901367 0.345703 0.901367 0.343750 0.900391 0.342773 0.901367 0.341797 0.901367 0.334961 0.900391 0.333984 0.900391 0.330078 0.897461 0.327148 0.894531 0.326172 0.891602 0.323242 0.891602 0.322266 0.890625 0.321289 0.887695 0.321289 0.884766 0.318359 0.881836 0.318359 0.880859 0.317383 0.881836 0.316406 0.880859 0.315430 0.882812 0.313477 0.881836 0.312500 0.881836 0.314453 0.880859 0.315430 0.877930 0.312500 0.876953 0.309570 0.875977 0.309570 0.875000 0.310547 0.873047 0.310547 0.872070 0.309570 0.872070 0.307617
1 0.921875 0.304688 0.920898 0.305664 0.920898 0.307617 0.917969 0.310547 0.917969 0.316406 0.916992 0.317383 0.916992 0.319336 0.919922 0.316406 0.919922 0.315430 0.920898 0.314453 0.922852 0.314453 0.923828 0.313477 0.923828 0.311523 0.922852 0.310547 0.923828 0.309570 0.923828 0.305664 0.922852 0.305664
1 0.024414 0.303711 0.024414 0.307617 0.023438 0.308594 0.023438 0.311523 0.024414 0.312500 0.024414 0.314453 0.024414 0.312500 0.025391 0.311523 0.025391 0.304688
1 1.176758 0.300781 1.176758 0.302734 1.178711 0.304688 1.178711 0.305664 1.180664 0.307617 1.180664 0.308594 1.182617 0.310547 1.182617 0.311523 1.184570 0.313477 1.184570 0.314453 1.185547 0.315430 1.184570 0.316406 1.184570 0.319336 1.185547 0.319336 1.186523 0.320312 1.185547 0.321289 1.186523 0.321289 1.187500 0.322266 1.190430 0.321289 1.194336 0.325195 1.194336 0.326172 1.193359 0.327148 1.194336 0.328125 1.194336 0.330078 1.197266 0.333008 1.197266 0.333984 1.198242 0.333984 1.199219 0.334961 1.199219 0.335938 1.202148 0.337891 1.202148 0.338867 1.202148 0.337891 1.203125 0.336914 1.204102 0.336914 1.208008 0.340820 1.208984 0.343750 1.208008 0.344727 1.207031 0.344727 1.207031 0.347656 1.208008 0.348633 1.208008 0.346680 1.208984 0.345703 1.209961 0.345703 1.210938 0.346680 1.210938 0.352539 1.208008 0.355469 1.207031 0.355469 1.204102 0.357422 1.205078 0.358398 1.205078 0.360352 1.206055 0.359375 1.207031 0.360352 1.207031 0.371094 1.208008 0.371094 1.209961 0.373047 1.210938 0.373047 1.211914 0.374023 1.211914 0.375000 1.212891 0.375000 1.214844 0.376953 1.214844 0.377930 1.216797 0.379883 1.216797 0.381836 1.215820 0.382812 1.216797 0.381836 1.217773 0.382812 1.219727 0.382812 1.220703 0.383789 1.225586 0.383789 1.227539 0.381836 1.230469 0.381836 1.231445 0.382812 1.230469 0.383789 1.230469 0.385742 1.233398 0.388672 1.236328 0.389648 1.237305 0.390625 1.237305 0.391602 1.240234 0.393555 1.240234 0.395508 1.241211 0.396484 1.243164 0.396484 1.243164 0.395508 1.245117 0.392578 1.248047 0.392578 1.248047 0.391602 1.249023 0.390625 1.250000 0.391602 1.250000 0.386719 1.249023 0.386719 1.248047 0.387695 1.246094 0.384766 1.246094 0.383789 1.247070 0.382812 1.248047 0.382812 1.249023 0.383789 1.249023 0.378906 1.247070 0.378906 1.244141 0.375977 1.244141 0.373047 1.243164 0.372070 1.243164 0.371094 1.244141 0.370117 1.242188 0.368164 1.242188 0.362305 1.241211 0.361328 1.241211 0.359375 1.240234 0.358398 1.240234 0.352539 1.239258 0.351562 1.239258 0.349609 1.237305 0.349609 1.235352 0.347656 1.235352 0.346680 1.233398 0.343750 1.233398 0.341797 1.232422 0.340820 1.234375 0.337891 1.234375 0.334961 1.231445 0.333008 1.232422 0.332031 1.231445 0.332031 1.231445 0.333008 1.230469 0.333984 1.229492 0.333008 1.229492 0.332031 1.228516 0.331055 1.228516 0.325195 1.225586 0.323242 1.225586 0.324219 1.224609 0.325195 1.223633 0.325195 1.218750 0.322266 1.216797 0.322266 1.215820 0.321289 1.215820 0.319336 1.212891 0.320312 1.211914 0.319336 1.208984 0.319336 1.207031 0.317383 1.204102 0.317383 1.203125 0.316406 1.202148 0.316406 1.199219 0.313477 1.199219 0.312500 1.198242 0.312500 1.196289 0.310547 1.196289 0.309570 1.193359 0.306641 1.192383 0.306641 1.193359 0.307617 1.193359 0.308594 1.192383 0.309570 1.189453 0.306641 1.189453 0.305664 1.190430 0.304688 1.191406 0.304688 1.188477 0.301758 1.189453 0.300781 1.188477 0.299805 1.187500 0.300781 1.186523 0.299805 1.186523 0.300781 1.185547 0.301758 1.180664 0.301758 1.179688 0.300781
1 0.330078 0.285156 0.326172 0.292969 0.325195 0.293945 0.322266 0.293945 0.321289 0.300781 0.319336 0.301758 0.318359 0.303711 0.318359 0.307617 0.316406 0.309570 0.316406 0.312500 0.317383 0.313477 0.317383 0.319336 0.316406 0.320312 0.316406 0.324219 0.314453 0.328125 0.313477 0.334961 0.310547 0.339844 0.310547 0.345703 0.309570 0.346680 0.309570 0.350586 0.312500 0.356445 0.312500 0.362305 0.314453 0.364258 0.314453 0.366211 0.313477 0.367188 0.313477 0.370117 0.314453 0.371094 0.313477 0.380859 0.314453 0.381836 0.314453 0.386719 0.315430 0.386719 0.316406 0.388672 0.318359 0.388672 0.318359 0.386719 0.319336 0.385742 0.319336 0.375000 0.317383 0.371094 0.318359 0.367188 0.319336 0.366211 0.319336 0.357422 0.321289 0.355469 0.322266 0.356445 0.322266 0.359375 0.324219 0.362305 0.324219 0.371094 0.322266 0.374023 0.322266 0.381836 0.325195 0.384766 0.325195 0.386719 0.326172 0.387695 0.327148 0.397461 0.328125 0.398438 0.327148 0.401367 0.328125 0.402344 0.330078 0.402344 0.331055 0.404297 0.332031 0.402344 0.333008 0.403320 0.333008 0.390625 0.335938 0.385742 0.335938 0.375000 0.334961 0.374023 0.334961 0.371094 0.336914 0.368164 0.338867 0.369141 0.339844 0.375000 0.340820 0.375977 0.340820 0.380859 0.341797 0.381836 0.340820 0.394531 0.341797 0.395508 0.342773 0.390625 0.343750 0.388672 0.345703 0.387695 0.346680 0.383789 0.347656 0.382812 0.348633 0.383789 0.348633 0.385742 0.348633 0.384766 0.350586 0.382812 0.349609 0.381836 0.350586 0.380859 0.350586 0.369141 0.349609 0.368164 0.349609 0.338867 0.347656 0.334961 0.347656 0.329102 0.346680 0.328125 0.346680 0.322266 0.347656 0.321289 0.346680 0.320312 0.346680 0.318359 0.344727 0.317383 0.344727 0.314453 0.343750 0.313477 0.343750 0.308594 0.341797 0.305664 0.341797 0.301758 0.340820 0.300781 0.340820 0.297852 0.339844 0.296875 0.339844 0.291992 0.338867 0.291016 0.338867 0.289062 0.337891 0.289062 0.337891 0.291992 0.336914 0.292969 0.336914 0.297852 0.337891 0.298828 0.337891 0.301758 0.336914 0.302734 0.337891 0.303711 0.337891 0.307617 0.334961 0.311523 0.334961 0.313477 0.333984 0.314453 0.333984 0.318359 0.333008 0.319336 0.333008 0.322266 0.332031 0.323242 0.331055 0.322266 0.330078 0.318359 0.329102 0.317383 0.329102 0.315430 0.327148 0.314453 0.327148 0.308594 0.328125 0.307617 0.327148 0.305664 0.327148 0.302734 0.328125 0.301758 0.329102 0.302734 0.330078 0.300781 0.330078 0.297852 0.332031 0.295898 0.332031 0.293945 0.333984 0.290039 0.333984 0.286133 0.331055 0.286133
1 0.030273 0.285156 0.030273 0.286133 0.029297 0.287109 0.029297 0.293945 0.028320 0.294922 0.028320 0.299805 0.027344 0.300781 0.027344 0.312500 0.028320 0.312500 0.029297 0.313477 0.029297 0.308594 0.030273 0.307617 0.030273 0.300781 0.031250 0.299805 0.030273 0.298828 0.031250 0.297852 0.031250 0.289062 0.030273 0.288086 0.031250 0.287109 0.031250 0.286133
1 0.486328 0.273438 0.485352 0.274414 0.482422 0.274414 0.481445 0.275391 0.479492 0.275391 0.478516 0.276367 0.475586 0.276367 0.474609 0.277344 0.471680 0.277344 0.470703 0.278320 0.467773 0.278320 0.466797 0.279297 0.464844 0.279297 0.463867 0.280273 0.460938 0.280273 0.459961 0.281250 0.457031 0.281250 0.456055 0.282227 0.456055 0.288086 0.457031 0.289062 0.457031 0.298828 0.456055 0.299805 0.456055 0.310547 0.454102 0.312500 0.454102 0.313477 0.455078 0.314453 0.455078 0.315430 0.456055 0.316406 0.456055 0.317383 0.457031 0.318359 0.457031 0.322266 0.456055 0.323242 0.457031 0.324219 0.457031 0.325195 0.458008 0.326172 0.458008 0.329102 0.458984 0.330078 0.458984 0.333984 0.458008 0.334961 0.458008 0.338867 0.458984 0.339844 0.458984 0.340820 0.459961 0.340820 0.460938 0.341797 0.461914 0.341797 0.462891 0.340820 0.462891 0.339844 0.463867 0.338867 0.464844 0.339844 0.464844 0.340820 0.467773 0.343750 0.467773 0.346680 0.468750 0.347656 0.468750 0.350586 0.470703 0.352539 0.470703 0.355469 0.471680 0.354492 0.473633 0.354492 0.473633 0.353516 0.474609 0.352539 0.475586 0.353516 0.477539 0.351562 0.477539 0.350586 0.478516 0.349609 0.478516 0.348633 0.479492 0.347656 0.480469 0.347656 0.480469 0.344727 0.481445 0.343750 0.481445 0.342773 0.482422 0.341797 0.483398 0.342773 0.483398 0.343750 0.484375 0.342773 0.484375 0.336914 0.485352 0.335938 0.485352 0.330078 0.484375 0.330078 0.482422 0.328125 0.482422 0.321289 0.481445 0.320312 0.481445 0.313477 0.480469 0.312500 0.480469 0.309570 0.481445 0.308594 0.479492 0.308594 0.478516 0.307617 0.478516 0.306641 0.477539 0.305664 0.477539 0.303711 0.478516 0.302734 0.478516 0.297852 0.479492 0.296875 0.480469 0.297852 0.481445 0.296875 0.481445 0.293945 0.482422 0.292969 0.482422 0.280273 0.483398 0.279297 0.483398 0.278320 0.485352 0.276367 0.485352 0.274414
1 0.502930 0.269531 0.500977 0.269531 0.500000 0.270508 0.497070 0.270508 0.497070 0.274414 0.498047 0.275391 0.498047 0.280273 0.497070 0.281250 0.496094 0.281250 0.495117 0.282227 0.495117 0.284180 0.493164 0.286133 0.493164 0.288086 0.491211 0.290039 0.491211 0.291016 0.490234 0.291992 0.491211 0.292969 0.491211 0.294922 0.489258 0.296875 0.488281 0.296875 0.486328 0.298828 0.486328 0.300781 0.485352 0.301758 0.486328 0.302734 0.486328 0.304688 0.487305 0.304688 0.487305 0.302734 0.488281 0.301758 0.489258 0.302734 0.489258 0.304688 0.490234 0.305664 0.490234 0.314453 0.491211 0.315430 0.491211 0.320312 0.492188 0.321289 0.492188 0.322266 0.493164 0.322266 0.494141 0.321289 0.494141 0.319336 0.495117 0.318359 0.495117 0.316406 0.496094 0.315430 0.496094 0.313477 0.497070 0.312500 0.497070 0.309570 0.496094 0.308594 0.496094 0.304688 0.498047 0.302734 0.498047 0.301758 0.499023 0.300781 0.500977 0.300781 0.501953 0.299805 0.501953 0.296875 0.502930 0.295898 0.502930 0.292969 0.503906 0.291992 0.503906 0.286133 0.502930 0.285156 0.502930 0.283203 0.503906 0.282227 0.503906 0.279297 0.501953 0.277344 0.501953 0.275391 0.500977 0.274414 0.501953 0.273438 0.501953 0.271484 0.502930 0.270508
1 1.264648 0.268555 1.264648 0.269531 1.263672 0.270508 1.262695 0.270508 1.262695 0.273438 1.261719 0.274414 1.262695 0.275391 1.262695 0.276367 1.267578 0.276367 1.266602 0.275391 1.266602 0.274414 1.265625 0.273438 1.265625 0.269531
1 1.482422 0.266602 1.482422 0.271484 1.485352 0.274414 1.485352 0.275391 1.486328 0.276367 1.487305 0.276367 1.489258 0.278320 1.489258 0.279297 1.490234 0.280273 1.494141 0.280273 1.495117 0.281250 1.496094 0.281250 1.497070 0.282227 1.498047 0.282227 1.499023 0.283203 1.505859 0.283203 1.506836 0.282227 1.509766 0.282227 1.511719 0.280273 1.512695 0.280273 1.512695 0.279297 1.513672 0.278320 1.513672 0.276367 1.514648 0.275391 1.513672 0.274414 1.515625 0.272461 1.515625 0.269531 1.513672 0.267578 1.512695 0.267578 1.511719 0.266602 1.511719 0.265625 1.509766 0.263672 1.500977 0.263672 1.500000 0.264648 1.499023 0.264648 1.496094 0.261719 1.495117 0.261719 1.493164 0.259766 1.488281 0.259766 1.484375 0.263672 1.484375 0.265625 1.483398 0.266602
1 0.177734 0.255859 0.176758 0.256836 0.176758 0.257812 0.175781 0.258789 0.174805 0.257812 0.175781 0.258789 0.175781 0.264648 0.174805 0.265625 0.174805 0.272461 0.173828 0.273438 0.173828 0.274414 0.174805 0.275391 0.174805 0.277344 0.173828 0.278320 0.173828 0.284180 0.174805 0.285156 0.174805 0.286133 0.175781 0.287109 0.175781 0.284180 0.176758 0.283203 0.177734 0.284180 0.178711 0.284180 0.179688 0.283203 0.179688 0.281250 0.180664 0.280273 0.180664 0.274414 0.180664 0.275391 0.179688 0.276367 0.178711 0.275391 0.178711 0.257812 0.177734 0.256836
1 0.033203 0.250000 0.033203 0.255859 0.032227 0.256836 0.032227 0.269531 0.033203 0.270508 0.033203 0.276367 0.034180 0.277344 0.034180 0.279297 0.035156 0.280273 0.035156 0.281250 0.034180 0.282227 0.034180 0.283203 0.035156 0.284180 0.035156 0.302734 0.033203 0.304688 0.032227 0.304688 0.032227 0.315430 0.031250 0.316406 0.030273 0.321289 0.026367 0.327148 0.026367 0.330078 0.025391 0.331055 0.025391 0.337891 0.024414 0.338867 0.024414 0.341797 0.025391 0.342773 0.025391 0.348633 0.026367 0.349609 0.026367 0.357422 0.025391 0.358398 0.025391 0.364258 0.026367 0.365234 0.026367 0.366211 0.025391 0.367188 0.025391 0.372070 0.026367 0.373047 0.026367 0.374023 0.027344 0.375000 0.027344 0.376953 0.028320 0.377930 0.028320 0.383789 0.029297 0.384766 0.029297 0.385742 0.032227 0.388672 0.032227 0.389648 0.032227 0.383789 0.033203 0.382812 0.033203 0.380859 0.034180 0.379883 0.034180 0.377930 0.035156 0.376953 0.035156 0.374023 0.037109 0.372070 0.038086 0.373047 0.038086 0.386719 0.039062 0.387695 0.039062 0.389648 0.039062 0.386719 0.041016 0.384766 0.041016 0.376953 0.041992 0.375977 0.042969 0.375977 0.042969 0.375000 0.041992 0.374023 0.042969 0.373047 0.041992 0.372070 0.041992 0.355469 0.041992 0.361328 0.041016 0.362305 0.041016 0.366211 0.039062 0.368164 0.038086 0.367188 0.038086 0.358398 0.039062 0.357422 0.039062 0.352539 0.041016 0.350586 0.041992 0.351562 0.041992 0.353516 0.041992 0.345703 0.041016 0.344727 0.041016 0.335938 0.041992 0.334961 0.041992 0.302734 0.042969 0.301758 0.042969 0.298828 0.043945 0.297852 0.044922 0.297852 0.044922 0.294922 0.046875 0.291992 0.046875 0.290039 0.047852 0.289062 0.047852 0.288086 0.048828 0.287109 0.050781 0.290039 0.050781 0.289062 0.052734 0.286133 0.052734 0.281250 0.051758 0.280273 0.051758 0.278320 0.052734 0.277344 0.052734 0.275391 0.051758 0.274414 0.051758 0.270508 0.052734 0.269531 0.052734 0.268555 0.052734 0.269531 0.051758 0.270508 0.050781 0.269531 0.050781 0.267578 0.049805 0.268555 0.048828 0.267578 0.048828 0.271484 0.047852 0.272461 0.045898 0.270508 0.045898 0.268555 0.045898 0.269531 0.044922 0.270508 0.042969 0.270508 0.041016 0.268555 0.041016 0.263672 0.040039 0.262695 0.040039 0.255859 0.039062 0.255859 0.038086 0.254883 0.038086 0.252930 0.037109 0.252930 0.036133 0.253906 0.035156 0.252930 0.035156 0.250000 0.034180 0.250977
1 1.289062 0.249023 1.289062 0.250000 1.288086 0.250977 1.288086 0.252930 1.287109 0.253906 1.287109 0.256836 1.288086 0.257812 1.288086 0.256836 1.289062 0.255859 1.290039 0.256836 1.290039 0.263672 1.289062 0.264648 1.290039 0.265625 1.290039 0.268555 1.291992 0.270508 1.291016 0.271484 1.289062 0.271484 1.289062 0.272461 1.290039 0.273438 1.291016 0.273438 1.291016 0.272461 1.291992 0.271484 1.292969 0.272461 1.292969 0.273438 1.294922 0.275391 1.295898 0.275391 1.297852 0.277344 1.297852 0.278320 1.298828 0.279297 1.298828 0.280273 1.297852 0.281250 1.299805 0.283203 1.298828 0.284180 1.299805 0.284180 1.301758 0.286133 1.301758 0.287109 1.300781 0.288086 1.300781 0.291016 1.301758 0.291992 1.302734 0.291992 1.303711 0.292969 1.303711 0.298828 1.304688 0.299805 1.303711 0.300781 1.303711 0.303711 1.302734 0.304688 1.302734 0.308594 1.301758 0.309570 1.301758 0.310547 1.300781 0.311523 1.299805 0.311523 1.298828 0.312500 1.298828 0.313477 1.300781 0.315430 1.301758 0.315430 1.302734 0.316406 1.302734 0.317383 1.303711 0.318359 1.304688 0.318359 1.306641 0.320312 1.307617 0.320312 1.308594 0.321289 1.309570 0.321289 1.311523 0.323242 1.312500 0.323242 1.314453 0.325195 1.315430 0.325195 1.318359 0.328125 1.317383 0.329102 1.317383 0.330078 1.319336 0.330078 1.322266 0.327148 1.323242 0.328125 1.323242 0.329102 1.324219 0.330078 1.323242 0.329102 1.324219 0.328125 1.324219 0.324219 1.325195 0.323242 1.326172 0.324219 1.325195 0.323242 1.325195 0.322266 1.327148 0.320312 1.326172 0.319336 1.326172 0.318359 1.331055 0.313477 1.331055 0.307617 1.330078 0.306641 1.331055 0.305664 1.332031 0.305664 1.333008 0.304688 1.333008 0.302734 1.332031 0.301758 1.331055 0.301758 1.331055 0.302734 1.330078 0.303711 1.329102 0.302734 1.329102 0.301758 1.324219 0.296875 1.323242 0.297852 1.319336 0.293945 1.319336 0.292969 1.318359 0.291992 1.318359 0.291016 1.317383 0.290039 1.317383 0.289062 1.316406 0.288086 1.316406 0.286133 1.315430 0.285156 1.315430 0.282227 1.314453 0.281250 1.314453 0.279297 1.316406 0.277344 1.317383 0.277344 1.317383 0.276367 1.315430 0.274414 1.315430 0.273438 1.314453 0.272461 1.314453 0.267578 1.313477 0.266602 1.313477 0.264648 1.312500 0.263672 1.312500 0.258789 1.313477 0.257812 1.313477 0.252930 1.312500 0.251953 1.313477 0.250977 1.313477 0.249023 1.313477 0.250000 1.312500 0.250977 1.311523 0.250000 1.295898 0.250000 1.294922 0.249023
1 0.873047 0.250000 0.870117 0.247070 0.869141 0.247070 0.869141 0.248047 0.868164 0.249023 0.867188 0.248047 0.866211 0.248047 0.867188 0.249023 0.867188 0.250000 0.866211 0.250977 0.866211 0.251953 0.865234 0.252930 0.865234 0.254883 0.866211 0.254883 0.866211 0.253906 0.867188 0.252930 0.869141 0.254883 0.870117 0.253906 0.870117 0.251953 0.871094 0.250977 0.872070 0.250977
1 0.426758 0.225586 0.423828 0.228516 0.422852 0.232422 0.421875 0.231445 0.418945 0.232422 0.416992 0.243164 0.414062 0.245117 0.413086 0.242188 0.412109 0.248047 0.406250 0.251953 0.404297 0.255859 0.404297 0.260742 0.402344 0.263672 0.400391 0.262695 0.400391 0.259766 0.397461 0.257812 0.396484 0.253906 0.397461 0.251953 0.396484 0.250977 0.397461 0.252930 0.395508 0.254883 0.393555 0.252930 0.394531 0.249023 0.390625 0.249023 0.389648 0.250000 0.390625 0.250977 0.388672 0.251953 0.389648 0.363281 0.390625 0.364258 0.390625 0.384766 0.391602 0.383789 0.392578 0.384766 0.392578 0.388672 0.395508 0.385742 0.393555 0.358398 0.395508 0.356445 0.395508 0.340820 0.394531 0.339844 0.395508 0.336914 0.394531 0.335938 0.396484 0.331055 0.395508 0.326172 0.396484 0.315430 0.399414 0.311523 0.400391 0.305664 0.406250 0.299805 0.405273 0.293945 0.407227 0.286133 0.408203 0.285156 0.410156 0.286133 0.410156 0.281250 0.411133 0.280273 0.413086 0.280273 0.416016 0.283203 0.415039 0.284180 0.416016 0.296875 0.415039 0.299805 0.413086 0.301758 0.412109 0.300781 0.411133 0.301758 0.411133 0.307617 0.410156 0.308594 0.411133 0.322266 0.409180 0.324219 0.409180 0.330078 0.407227 0.332031 0.408203 0.333008 0.406250 0.334961 0.405273 0.333984 0.403320 0.336914 0.404297 0.338867 0.403320 0.347656 0.404297 0.348633 0.405273 0.375977 0.405273 0.369141 0.407227 0.368164 0.407227 0.366211 0.409180 0.364258 0.408203 0.361328 0.409180 0.357422 0.408203 0.356445 0.410156 0.354492 0.410156 0.351562 0.412109 0.347656 0.411133 0.344727 0.413086 0.343750 0.413086 0.337891 0.412109 0.336914 0.413086 0.327148 0.416016 0.324219 0.419922 0.327148 0.418945 0.347656 0.420898 0.348633 0.421875 0.351562 0.420898 0.352539 0.421875 0.353516 0.421875 0.359375 0.424805 0.361328 0.426758 0.360352 0.427734 0.352539 0.429688 0.349609 0.428711 0.344727 0.424805 0.341797 0.425781 0.318359 0.424805 0.315430 0.423828 0.316406 0.422852 0.315430 0.422852 0.311523 0.423828 0.310547 0.424805 0.312500 0.424805 0.309570 0.422852 0.308594 0.423828 0.306641 0.422852 0.305664 0.423828 0.292969 0.432617 0.284180 0.435547 0.285156 0.435547 0.288086 0.438477 0.285156 0.440430 0.288086 0.439453 0.290039 0.440430 0.289062 0.442383 0.290039 0.444336 0.286133 0.441406 0.284180 0.441406 0.245117 0.440430 0.244141 0.440430 0.237305 0.439453 0.234375 0.437500 0.235352 0.433594 0.228516 0.432617 0.229492 0.431641 0.228516 0.428711 0.231445 0.427734 0.230469 0.428711 0.228516
1 0.075195 0.201172 0.074219 0.201172 0.073242 0.202148 0.072266 0.202148 0.071289 0.203125 0.070312 0.203125 0.068359 0.205078 0.067383 0.205078 0.066406 0.206055 0.065430 0.206055 0.064453 0.207031 0.063477 0.207031 0.063477 0.208984 0.062500 0.209961 0.063477 0.210938 0.063477 0.219727 0.062500 0.220703 0.062500 0.221680 0.063477 0.222656 0.062500 0.223633 0.062500 0.245117 0.063477 0.246094 0.063477 0.248047 0.062500 0.249023 0.062500 0.250977 0.061523 0.251953 0.061523 0.253906 0.062500 0.254883 0.062500 0.266602 0.063477 0.267578 0.063477 0.271484 0.062500 0.272461 0.062500 0.279297 0.061523 0.280273 0.061523 0.282227 0.062500 0.283203 0.062500 0.286133 0.061523 0.287109 0.061523 0.288086 0.062500 0.289062 0.062500 0.297852 0.063477 0.298828 0.063477 0.300781 0.063477 0.298828 0.064453 0.297852 0.065430 0.297852 0.066406 0.298828 0.066406 0.296875 0.067383 0.295898 0.068359 0.296875 0.068359 0.297852 0.069336 0.298828 0.069336 0.299805 0.070312 0.298828 0.071289 0.299805 0.071289 0.301758 0.072266 0.300781 0.071289 0.299805 0.072266 0.298828 0.072266 0.297852 0.073242 0.296875 0.073242 0.293945 0.074219 0.292969 0.074219 0.291992 0.073242 0.291016 0.074219 0.290039 0.074219 0.287109 0.075195 0.286133 0.075195 0.285156 0.076172 0.284180 0.076172 0.278320 0.077148 0.277344 0.078125 0.277344 0.078125 0.276367 0.077148 0.275391 0.078125 0.274414 0.077148 0.273438 0.078125 0.272461 0.078125 0.271484 0.077148 0.270508 0.077148 0.261719 0.076172 0.260742 0.076172 0.258789 0.077148 0.257812 0.077148 0.254883 0.078125 0.253906 0.078125 0.252930 0.079102 0.251953 0.079102 0.248047 0.078125 0.247070 0.078125 0.244141 0.079102 0.243164 0.079102 0.229492 0.078125 0.228516 0.078125 0.219727 0.079102 0.218750 0.079102 0.217773 0.078125 0.216797 0.078125 0.212891 0.077148 0.211914 0.077148 0.203125 0.076172 0.203125 0.075195 0.202148
1 0.002930 0.199219 0.002930 0.200195 0.001953 0.201172 0.001953 0.202148 0.000977 0.203125 0.000977 0.208984 0.001953 0.209961 0.002930 0.208984 0.002930 0.203125 0.003906 0.202148 0.003906 0.201172 0.002930 0.200195
1 0.207031 0.164062 0.207031 0.166016 0.205078 0.167969 0.204102 0.167969 0.204102 0.169922 0.203125 0.170898 0.202148 0.169922 0.202148 0.172852 0.200195 0.175781 0.200195 0.177734 0.199219 0.178711 0.198242 0.177734 0.198242 0.178711 0.196289 0.180664 0.194336 0.180664 0.193359 0.182617 0.193359 0.186523 0.191406 0.187500 0.191406 0.192383 0.192383 0.193359 0.192383 0.239258 0.193359 0.240234 0.193359 0.243164 0.194336 0.244141 0.194336 0.246094 0.193359 0.247070 0.193359 0.250000 0.192383 0.250977 0.192383 0.287109 0.193359 0.288086 0.193359 0.317383 0.195312 0.318359 0.195312 0.312500 0.196289 0.311523 0.196289 0.308594 0.195312 0.306641 0.197266 0.304688 0.199219 0.306641 0.199219 0.308594 0.200195 0.309570 0.200195 0.314453 0.201172 0.315430 0.201172 0.324219 0.202148 0.325195 0.203125 0.323242 0.206055 0.327148 0.207031 0.331055 0.208008 0.332031 0.208008 0.333984 0.208984 0.334961 0.208984 0.338867 0.210938 0.337891 0.211914 0.333984 0.214844 0.331055 0.214844 0.326172 0.215820 0.325195 0.215820 0.322266 0.216797 0.321289 0.216797 0.313477 0.217773 0.312500 0.217773 0.307617 0.218750 0.306641 0.218750 0.301758 0.219727 0.300781 0.218750 0.296875 0.225586 0.283203 0.225586 0.226562 0.224609 0.227539 0.224609 0.240234 0.223633 0.241211 0.223633 0.244141 0.221680 0.245117 0.219727 0.241211 0.219727 0.238281 0.220703 0.237305 0.220703 0.234375 0.221680 0.233398 0.220703 0.232422 0.221680 0.228516 0.220703 0.227539 0.220703 0.222656 0.219727 0.221680 0.219727 0.215820 0.217773 0.212891 0.217773 0.210938 0.219727 0.208984 0.219727 0.202148 0.215820 0.198242 0.216797 0.197266 0.215820 0.196289 0.215820 0.193359 0.216797 0.192383 0.215820 0.193359 0.214844 0.192383 0.214844 0.190430 0.215820 0.189453 0.215820 0.186523 0.214844 0.185547 0.214844 0.176758 0.216797 0.175781 0.216797 0.172852 0.214844 0.169922 0.214844 0.166992 0.213867 0.167969 0.212891 0.166992 0.211914 0.167969 0.209961 0.166016 0.209961 0.165039 0.208984 0.166016 0.208008 0.164062
1 0.154297 0.138672 0.154297 0.141602 0.153320 0.142578 0.153320 0.149414 0.155273 0.151367 0.157227 0.151367 0.158203 0.150391 0.158203 0.143555 0.157227 0.142578 0.157227 0.139648 0.156250 0.138672
1 0.134766 0.107422 0.132812 0.109375 0.131836 0.109375 0.131836 0.118164 0.133789 0.120117 0.134766 0.120117 0.134766 0.119141 0.135742 0.118164 0.135742 0.114258 0.134766 0.113281
1 0.412109 0.070312 0.411133 0.070312 0.411133 0.071289 0.409180 0.073242 0.409180 0.076172 0.407227 0.078125 0.406250 0.077148 0.406250 0.073242 0.404297 0.073242 0.404297 0.074219 0.403320 0.075195 0.400391 0.075195 0.397461 0.077148 0.394531 0.077148 0.394531 0.078125 0.393555 0.079102 0.393555 0.082031 0.390625 0.086914 0.390625 0.094727 0.388672 0.096680 0.388672 0.102539 0.387695 0.103516 0.387695 0.184570 0.388672 0.185547 0.388672 0.198242 0.388672 0.196289 0.389648 0.195312 0.390625 0.196289 0.390625 0.198242 0.391602 0.199219 0.391602 0.200195 0.392578 0.199219 0.393555 0.199219 0.393555 0.198242 0.394531 0.197266 0.394531 0.187500 0.395508 0.186523 0.396484 0.183594 0.398438 0.181641 0.398438 0.178711 0.399414 0.177734 0.399414 0.173828 0.400391 0.172852 0.400391 0.168945 0.399414 0.167969 0.400391 0.166992 0.400391 0.166016 0.401367 0.165039 0.403320 0.166992 0.402344 0.167969 0.402344 0.174805 0.403320 0.174805 0.404297 0.175781 0.404297 0.177734 0.405273 0.178711 0.404297 0.181641 0.405273 0.182617 0.405273 0.184570 0.406250 0.185547 0.407227 0.184570 0.408203 0.184570 0.408203 0.182617 0.410156 0.180664 0.410156 0.179688 0.411133 0.178711 0.412109 0.179688 0.412109 0.181641 0.412109 0.179688 0.414062 0.177734 0.414062 0.164062 0.415039 0.163086 0.415039 0.158203 0.414062 0.157227 0.414062 0.154297 0.415039 0.153320 0.415039 0.151367 0.416016 0.150391 0.416016 0.148438 0.416992 0.147461 0.416992 0.144531 0.415039 0.142578 0.416016 0.141602 0.416016 0.133789 0.416992 0.132812 0.416992 0.129883 0.417969 0.128906 0.417969 0.124023 0.418945 0.123047 0.418945 0.119141 0.417969 0.118164 0.417969 0.116211 0.416992 0.115234 0.416992 0.105469 0.416016 0.104492 0.416016 0.087891 0.416016 0.088867 0.415039 0.089844 0.414062 0.088867 0.414062 0.079102 0.413086 0.078125 0.413086 0.072266 0.412109 0.071289
1 0.220703 0.068359 0.220703 0.073242 0.219727 0.074219 0.217773 0.072266 0.217773 0.080078 0.219727 0.082031 0.219727 0.083008 0.220703 0.082031 0.220703 0.081055 0.221680 0.080078 0.221680 0.079102 0.222656 0.078125 0.222656 0.075195 0.221680 0.074219 0.221680 0.070312 0.220703 0.069336
1 0.220703 0.060547 0.219727 0.060547 0.218750 0.061523 0.218750 0.063477 0.217773 0.064453 0.217773 0.066406 0.218750 0.066406 0.218750 0.065430 0.219727 0.064453 0.220703 0.064453 0.221680 0.063477 0.221680 0.062500 0.220703 0.061523
1 0.813477 0.052734 0.812500 0.052734 0.811523 0.053711 0.809570 0.053711 0.808594 0.052734 0.806641 0.054688 0.803711 0.054688 0.802734 0.055664 0.800781 0.055664 0.799805 0.056641 0.795898 0.056641 0.793945 0.058594 0.793945 0.059570 0.794922 0.060547 0.793945 0.061523 0.793945 0.063477 0.792969 0.064453 0.791992 0.064453 0.791016 0.065430 0.788086 0.065430 0.787109 0.066406 0.785156 0.064453 0.784180 0.064453 0.784180 0.065430 0.783203 0.066406 0.783203 0.067383 0.784180 0.068359 0.784180 0.069336 0.782227 0.071289 0.782227 0.072266 0.780273 0.074219 0.780273 0.077148 0.781250 0.078125 0.781250 0.081055 0.784180 0.083984 0.785156 0.083984 0.786133 0.084961 0.787109 0.084961 0.788086 0.085938 0.788086 0.086914 0.787109 0.087891 0.788086 0.086914 0.790039 0.088867 0.790039 0.089844 0.789062 0.090820 0.786133 0.090820 0.785156 0.089844 0.785156 0.091797 0.786133 0.090820 0.787109 0.091797 0.789062 0.091797 0.790039 0.092773 0.791016 0.092773 0.792969 0.094727 0.792969 0.096680 0.793945 0.096680 0.794922 0.095703 0.795898 0.095703 0.796875 0.096680 0.797852 0.096680 0.798828 0.095703 0.799805 0.095703 0.799805 0.094727 0.801758 0.092773 0.804688 0.092773 0.807617 0.095703 0.809570 0.095703 0.810547 0.094727 0.811523 0.094727 0.812500 0.095703 0.811523 0.094727 0.811523 0.093750 0.813477 0.091797 0.813477 0.090820 0.814453 0.089844 0.814453 0.086914 0.815430 0.085938 0.815430 0.084961 0.816406 0.083984 0.816406 0.083008 0.817383 0.082031 0.816406 0.081055 0.816406 0.080078 0.815430 0.079102 0.815430 0.076172 0.814453 0.075195 0.814453 0.072266 0.815430 0.071289 0.816406 0.071289 0.816406 0.069336 0.818359 0.067383 0.818359 0.065430 0.819336 0.064453 0.817383 0.062500 0.817383 0.061523 0.816406 0.061523 0.815430 0.060547 0.815430 0.057617 0.814453 0.056641 0.814453 0.055664 0.813477 0.054688
1 0.689453 0.049805 0.689453 0.050781 0.688477 0.051758 0.687500 0.051758 0.687500 0.052734 0.686523 0.053711 0.685547 0.053711 0.685547 0.054688 0.683594 0.056641 0.683594 0.057617 0.682617 0.058594 0.681641 0.058594 0.681641 0.059570 0.680664 0.060547 0.680664 0.061523 0.681641 0.062500 0.680664 0.063477 0.680664 0.066406 0.678711 0.068359 0.678711 0.069336 0.677734 0.070312 0.675781 0.070312 0.675781 0.077148 0.674805 0.078125 0.674805 0.087891 0.675781 0.088867 0.676758 0.088867 0.678711 0.090820 0.678711 0.092773 0.679688 0.093750 0.678711 0.094727 0.676758 0.094727 0.676758 0.096680 0.677734 0.096680 0.678711 0.095703 0.680664 0.097656 0.680664 0.098633 0.681641 0.098633 0.682617 0.097656 0.682617 0.096680 0.683594 0.095703 0.683594 0.093750 0.684570 0.092773 0.686523 0.092773 0.687500 0.093750 0.687500 0.094727 0.688477 0.093750 0.689453 0.093750 0.689453 0.088867 0.690430 0.087891 0.690430 0.082031 0.691406 0.081055 0.691406 0.076172 0.690430 0.075195 0.690430 0.068359 0.691406 0.067383 0.691406 0.064453 0.692383 0.063477 0.692383 0.059570 0.691406 0.058594 0.691406 0.057617 0.690430 0.056641 0.690430 0.051758 0.689453 0.050781
1 0.406250 0.007812 0.405273 0.007812 0.404297 0.008789 0.403320 0.008789 0.403320 0.012695 0.402344 0.013672 0.402344 0.023438 0.403320 0.024414 0.404297 0.024414 0.405273 0.023438 0.406250 0.023438 0.407227 0.022461 0.408203 0.022461 0.409180 0.021484 0.409180 0.018555 0.408203 0.017578 0.408203 0.014648 0.407227 0.013672 0.407227 0.011719 0.406250 0.010742
1 1.773438 0.000000 1.774414 0.000977 1.775391 0.000977 1.776367 0.001953 1.777344 0.000977 1.781250 0.000977 1.782227 0.001953 1.782227 0.002930 1.785156 0.005859 1.785156 0.003906 1.784180 0.002930 1.785156 0.001953 1.786133 0.001953 1.786133 0.000977 1.787109 0.000000
1 1.647461 0.000000 1.602539 0.000000 1.603516 0.000977 1.601562 0.001953 1.600586 0.009766 1.601562 0.008789 1.602539 0.009766 1.601562 0.016602 1.597656 0.018555 1.597656 0.021484 1.587891 0.030273 1.587891 0.032227 1.585938 0.034180 1.582031 0.035156 1.578125 0.042969 1.579102 0.043945 1.577148 0.045898 1.578125 0.047852 1.576172 0.050781 1.573242 0.049805 1.569336 0.053711 1.569336 0.055664 1.567383 0.057617 1.559570 0.058594 1.558594 0.061523 1.554688 0.059570 1.547852 0.052734 1.545898 0.053711 1.546875 0.054688 1.544922 0.056641 1.542969 0.056641 1.543945 0.060547 1.544922 0.166992 1.545898 0.166016 1.548828 0.167969 1.547852 0.169922 1.550781 0.171875 1.548828 0.170898 1.549805 0.169922 1.556641 0.168945 1.558594 0.166992 1.562500 0.166016 1.564453 0.168945 1.567383 0.169922 1.570312 0.175781 1.569336 0.176758 1.571289 0.177734 1.572266 0.176758 1.574219 0.177734 1.576172 0.176758 1.579102 0.181641 1.577148 0.182617 1.580078 0.185547 1.579102 0.186523 1.580078 0.189453 1.583984 0.191406 1.589844 0.199219 1.594727 0.196289 1.595703 0.197266 1.594727 0.196289 1.596680 0.194336 1.596680 0.189453 1.599609 0.186523 1.602539 0.185547 1.606445 0.185547 1.607422 0.186523 1.612305 0.185547 1.615234 0.179688 1.614258 0.177734 1.615234 0.174805 1.612305 0.170898 1.612305 0.168945 1.608398 0.166016 1.608398 0.164062 1.611328 0.163086 1.612305 0.154297 1.611328 0.151367 1.609375 0.149414 1.607422 0.151367 1.603516 0.145508 1.603516 0.141602 1.604492 0.140625 1.601562 0.137695 1.601562 0.132812 1.602539 0.131836 1.606445 0.135742 1.609375 0.131836 1.612305 0.130859 1.616211 0.133789 1.619141 0.133789 1.624023 0.130859 1.631836 0.129883 1.632812 0.127930 1.634766 0.127930 1.634766 0.124023 1.635742 0.123047 1.637695 0.125000 1.640625 0.125000 1.641602 0.123047 1.643555 0.124023 1.645508 0.119141 1.651367 0.123047 1.651367 0.126953 1.649414 0.128906 1.647461 0.125977 1.647461 0.128906 1.650391 0.128906 1.653320 0.131836 1.659180 0.131836 1.659180 0.129883 1.656250 0.127930 1.657227 0.126953 1.660156 0.127930 1.661133 0.124023 1.660156 0.120117 1.661133 0.119141 1.660156 0.118164 1.660156 0.112305 1.661133 0.111328 1.661133 0.094727 1.660156 0.093750 1.661133 0.074219 1.660156 0.073242 1.660156 0.048828 1.659180 0.047852 1.660156 0.046875 1.660156 0.030273 1.658203 0.030273 1.655273 0.026367 1.654297 0.027344 1.653320 0.026367 1.654297 0.027344 1.652344 0.029297 1.650391 0.026367 1.651367 0.024414 1.655273 0.024414 1.654297 0.018555 1.651367 0.021484 1.650391 0.020508 1.650391 0.016602 1.653320 0.013672 1.654297 0.014648 1.654297 0.013672 1.648438 0.007812 1.648438 0.003906 1.646484 0.000977
1 1.353516 0.000000 1.351562 0.001953 1.359375 0.006836 1.360352 0.018555 1.353516 0.025391 1.345703 0.024414 1.342773 0.028320 1.338867 0.029297 1.341797 0.038086 1.336914 0.041992 1.339844 0.047852 1.333984 0.054688 1.332031 0.052734 1.330078 0.058594 1.329102 0.056641 1.330078 0.066406 1.340820 0.081055 1.338867 0.085938 1.333984 0.087891 1.333984 0.090820 1.337891 0.093750 1.336914 0.105469 1.332031 0.110352 1.322266 0.111328 1.321289 0.109375 1.320312 0.111328 1.316406 0.112305 1.315430 0.110352 1.314453 0.113281 1.311523 0.113281 1.311523 0.176758 1.313477 0.180664 1.312500 0.243164 1.316406 0.237305 1.320312 0.236328 1.333008 0.225586 1.341797 0.224609 1.347656 0.225586 1.351562 0.230469 1.353516 0.228516 1.359375 0.237305 1.359375 0.248047 1.375977 0.260742 1.375000 0.266602 1.378906 0.265625 1.383789 0.273438 1.380859 0.280273 1.381836 0.284180 1.381836 0.281250 1.383789 0.281250 1.383789 0.291016 1.379883 0.293945 1.382812 0.294922 1.382812 0.308594 1.380859 0.309570 1.381836 0.316406 1.383789 0.314453 1.385742 0.317383 1.382812 0.322266 1.383789 0.326172 1.386719 0.329102 1.390625 0.329102 1.391602 0.326172 1.395508 0.326172 1.394531 0.328125 1.398438 0.329102 1.397461 0.325195 1.409180 0.325195 1.410156 0.323242 1.408203 0.303711 1.411133 0.290039 1.409180 0.281250 1.405273 0.276367 1.404297 0.267578 1.406250 0.264648 1.405273 0.262695 1.402344 0.263672 1.395508 0.253906 1.397461 0.248047 1.390625 0.241211 1.393555 0.239258 1.389648 0.234375 1.389648 0.230469 1.394531 0.225586 1.395508 0.228516 1.398438 0.228516 1.394531 0.225586 1.397461 0.223633 1.414062 0.237305 1.419922 0.250977 1.419922 0.254883 1.416992 0.254883 1.420898 0.264648 1.423828 0.264648 1.424805 0.274414 1.422852 0.279297 1.426758 0.279297 1.427734 0.268555 1.434570 0.249023 1.434570 0.239258 1.431641 0.235352 1.434570 0.231445 1.428711 0.226562 1.425781 0.216797 1.427734 0.213867 1.425781 0.215820 1.412109 0.197266 1.403320 0.191406 1.403320 0.181641 1.406250 0.182617 1.408203 0.180664 1.406250 0.176758 1.410156 0.172852 1.413086 0.162109 1.411133 0.153320 1.411133 0.135742 1.413086 0.129883 1.416016 0.127930 1.422852 0.127930 1.424805 0.129883 1.423828 0.139648 1.426758 0.139648 1.428711 0.142578 1.428711 0.160156 1.438477 0.178711 1.436523 0.183594 1.438477 0.187500 1.437500 0.191406 1.428711 0.196289 1.429688 0.205078 1.433594 0.208984 1.440430 0.199219 1.444336 0.201172 1.441406 0.000000
1 0.372070 0.000000 0.365234 0.000000 0.366211 0.000977 0.366211 0.004883 0.367188 0.005859 0.367188 0.007812 0.368164 0.007812 0.368164 0.006836 0.369141 0.005859 0.369141 0.003906 0.372070 0.000977