1 0.067383 1.041016 0.064453 1.041016 0.063477 1.040039 0.062500 1.041016 0.061523 1.041016 0.060547 1.040039 0.054688 1.040039 0.053711 1.041016 0.041992 1.041016 0.041016 1.041992 0.040039 1.041992 0.039062 1.041016 0.038086 1.041992 0.037109 1.041992 0.036133 1.041016 0.017578 1.041016 0.016602 1.041992 0.015625 1.041016 0.014648 1.041992 0.002930 1.041992 0.001953 1.042969 0.000000 1.042969 0.028320 1.042969 0.029297 1.041992 0.065430 1.041992 0.066406 1.041016
1 1.486328 1.029297 1.486328 1.032227 1.487305 1.033203 1.487305 1.053711 1.490234 1.053711 1.490234 1.045898 1.489258 1.045898 1.488281 1.044922 1.488281 1.032227 1.486328 1.030273
1 0.571289 1.030273 0.571289 1.043945 0.572266 1.044922 0.573242 1.044922 0.574219 1.043945 0.575195 1.043945 0.576172 1.042969 0.577148 1.042969 0.578125 1.043945 0.578125 1.045898 0.577148 1.046875 0.577148 1.049805 0.578125 1.049805 0.580078 1.051758 0.581055 1.051758 0.582031 1.050781 0.583984 1.052734 0.583984 1.053711 0.619141 1.053711 0.616211 1.050781 0.613281 1.050781 0.612305 1.049805 0.612305 1.048828 0.611328 1.047852 0.611328 1.043945 0.612305 1.042969 0.612305 1.036133 0.613281 1.035156 0.614258 1.036133 0.614258 1.041016 0.615234 1.041992 0.617188 1.041992 0.618164 1.042969 0.620117 1.041016 0.620117 1.038086 0.621094 1.037109 0.621094 1.035156 0.622070 1.034180 0.622070 1.029297 0.621094 1.029297 0.621094 1.030273 0.622070 1.031250 0.622070 1.032227 0.621094 1.033203 0.622070 1.034180 0.621094 1.035156 0.616211 1.035156 0.615234 1.036133 0.614258 1.036133 0.613281 1.035156 0.613281 1.034180 0.614258 1.033203 0.614258 1.032227 0.615234 1.031250 0.615234 1.029297 0.577148 1.029297 0.576172 1.030273
1 1.640625 1.050781 1.636719 1.050781 1.635742 1.051758 1.634766 1.051758 1.633789 1.052734 1.632812 1.051758 1.632812 1.043945 1.631836 1.042969 1.631836 1.041016 1.632812 1.040039 1.631836 1.039062 1.629883 1.039062 1.626953 1.036133 1.625977 1.037109 1.624023 1.037109 1.623047 1.036133 1.621094 1.036133 1.619141 1.034180 1.619141 1.032227 1.620117 1.031250 1.620117 1.024414 1.618164 1.024414 1.617188 1.023438 1.614258 1.023438 1.614258 1.025391 1.612305 1.027344 1.610352 1.027344 1.609375 1.028320 1.608398 1.028320 1.607422 1.027344 1.605469 1.029297 1.599609 1.029297 1.598633 1.030273 1.597656 1.029297 1.596680 1.030273 1.592773 1.030273 1.591797 1.029297 1.591797 1.027344 1.584961 1.027344 1.584961 1.032227 1.583008 1.034180 1.580078 1.034180 1.580078 1.039062 1.578125 1.041016 1.578125 1.042969 1.577148 1.043945 1.577148 1.044922 1.576172 1.045898 1.576172 1.050781 1.575195 1.051758 1.574219 1.051758 1.573242 1.050781 1.573242 1.048828 1.571289 1.048828 1.570312 1.049805 1.570312 1.050781 1.571289 1.051758 1.571289 1.052734 1.572266 1.053711 1.634766 1.053711 1.635742 1.052734 1.636719 1.053711 1.640625 1.053711
1 0.328125 1.019531 0.324219 1.019531 0.323242 1.020508 0.323242 1.021484 0.322266 1.022461 0.321289 1.022461 0.320312 1.023438 0.320312 1.024414 0.325195 1.024414 0.326172 1.023438 0.327148 1.023438 0.327148 1.022461 0.328125 1.021484
1 0.326172 1.009766 0.325195 1.009766 0.324219 1.008789 0.324219 1.007812 0.323242 1.007812 0.323242 1.008789 0.322266 1.009766 0.321289 1.009766 0.321289 1.010742 0.320312 1.011719 0.320312 1.012695 0.321289 1.012695 0.322266 1.011719 0.322266 1.010742 0.323242 1.009766 0.325195 1.011719 0.326172 1.011719
1 1.433594 1.002930 1.441406 1.002930 1.443359 1.004883 1.442383 1.005859 1.436523 1.005859 1.436523 1.006836 1.437500 1.005859 1.442383 1.005859 1.443359 1.006836 1.461914 1.006836 1.462891 1.005859 1.484375 1.005859 1.483398 1.004883 1.482422 1.004883 1.481445 1.003906 1.478516 1.003906 1.477539 1.004883 1.475586 1.004883 1.474609 1.003906 1.473633 1.003906 1.472656 1.002930 1.470703 1.002930 1.469727 1.003906 1.468750 1.002930 1.465820 1.002930 1.464844 1.001953 1.457031 1.001953 1.456055 1.000977 1.439453 1.000977 1.437500 1.002930
1 1.844727 0.994141 1.845703 0.995117 1.847656 0.995117 1.848633 0.996094 1.857422 0.996094 1.858398 0.995117 1.861328 0.995117 1.862305 0.996094 1.864258 0.996094 1.865234 0.995117 1.870117 0.995117 1.872070 0.993164 1.870117 0.993164 1.869141 0.992188 1.849609 0.992188 1.847656 0.994141
1 1.687500 0.922852 1.685547 0.922852 1.684570 0.923828 1.683594 0.923828 1.683594 0.931641 1.684570 0.932617 1.684570 0.972656 1.685547 0.973633 1.686523 0.972656 1.689453 0.972656 1.689453 0.971680 1.690430 0.970703 1.693359 0.970703 1.693359 0.969727 1.695312 0.967773 1.700195 0.967773 1.701172 0.966797 1.702148 0.966797 1.703125 0.965820 1.703125 0.964844 1.702148 0.963867 1.702148 0.961914 1.703125 0.960938 1.703125 0.959961 1.702148 0.958984 1.702148 0.958008 1.704102 0.956055 1.705078 0.956055 1.705078 0.955078 1.704102 0.956055 1.702148 0.954102 1.703125 0.953125 1.703125 0.951172 1.704102 0.950195 1.704102 0.949219 1.705078 0.948242 1.705078 0.947266 1.704102 0.946289 1.704102 0.944336 1.701172 0.941406 1.701172 0.938477 1.698242 0.938477 1.696289 0.936523 1.696289 0.934570 1.695312 0.933594 1.694336 0.933594 1.693359 0.932617 1.693359 0.931641 1.692383 0.930664 1.691406 0.930664 1.690430 0.929688 1.690430 0.927734 1.689453 0.927734 1.688477 0.926758 1.688477 0.924805 1.687500 0.923828
1 1.690430 0.898438 1.690430 0.900391 1.689453 0.901367 1.688477 0.901367 1.687500 0.902344 1.687500 0.903320 1.688477 0.904297 1.688477 0.905273 1.687500 0.906250 1.693359 0.906250 1.694336 0.907227 1.694336 0.908203 1.695312 0.908203 1.695312 0.903320 1.696289 0.902344 1.698242 0.902344 1.698242 0.900391 1.696289 0.898438
1 0.364258 0.890625 0.362305 0.890625 0.362305 0.891602 0.363281 0.892578 0.362305 0.893555 0.362305 0.894531 0.361328 0.895508 0.358398 0.895508 0.357422 0.896484 0.360352 0.899414 0.362305 0.899414 0.364258 0.897461 0.365234 0.897461 0.365234 0.891602
1 0.216797 0.883789 0.216797 0.886719 0.217773 0.886719 0.220703 0.889648 0.221680 0.889648 0.222656 0.890625 0.223633 0.890625 0.223633 0.888672 0.222656 0.888672 0.218750 0.884766 0.218750 0.883789
1 0.074219 0.877930 0.074219 0.879883 0.073242 0.880859 0.073242 0.882812 0.075195 0.884766 0.077148 0.884766 0.079102 0.882812 0.080078 0.882812 0.079102 0.881836 0.079102 0.879883 0.078125 0.879883 0.076172 0.877930
1 1.682617 0.859375 1.682617 0.871094 1.683594 0.872070 1.683594 0.879883 1.684570 0.879883 1.684570 0.877930 1.688477 0.874023 1.688477 0.873047 1.689453 0.872070 1.690430 0.873047 1.690430 0.870117 1.691406 0.869141 1.691406 0.867188 1.689453 0.865234 1.689453 0.863281 1.688477 0.862305 1.688477 0.861328 1.687500 0.861328 1.685547 0.859375
1 0.009766 0.834961 0.008789 0.835938 0.006836 0.835938 0.005859 0.836914 0.004883 0.836914 0.003906 0.837891 0.000000 0.837891 0.000977 0.837891 0.001953 0.838867 0.002930 0.837891 0.003906 0.837891 0.004883 0.838867 0.004883 0.839844 0.005859 0.840820 0.007812 0.840820 0.008789 0.839844 0.008789 0.837891 0.009766 0.836914
1 0.000000 0.847656 0.000000 0.858398 0.001953 0.858398 0.009766 0.865234 0.018555 0.865234 0.019531 0.860352 0.022461 0.864258 0.026367 0.864258 0.032227 0.869141 0.042969 0.869141 0.047852 0.865234 0.060547 0.866211 0.065430 0.869141 0.071289 0.870117 0.081055 0.875977 0.085938 0.884766 0.097656 0.899414 0.095703 0.901367 0.091797 0.899414 0.089844 0.902344 0.086914 0.902344 0.088867 0.908203 0.091797 0.908203 0.093750 0.906250 0.096680 0.910156 0.098633 0.910156 0.100586 0.914062 0.104492 0.916016 0.101562 0.919922 0.105469 0.923828 0.110352 0.920898 0.124023 0.930664 0.128906 0.930664 0.132812 0.939453 0.142578 0.939453 0.143555 0.946289 0.141602 0.947266 0.138672 0.958008 0.141602 0.959961 0.139648 0.962891 0.142578 0.968750 0.145508 0.970703 0.143555 0.977539 0.148438 0.978516 0.150391 0.976562 0.153320 0.983398 0.157227 0.983398 0.163086 0.978516 0.166016 0.981445 0.167969 0.979492 0.170898 0.979492 0.171875 0.983398 0.169922 0.984375 0.167969 0.989258 0.175781 0.998047 0.186523 0.999023 0.185547 0.996094 0.191406 0.994141 0.190430 0.990234 0.185547 0.990234 0.187500 0.982422 0.196289 0.982422 0.197266 0.985352 0.197266 0.980469 0.187500 0.979492 0.187500 0.974609 0.185547 0.971680 0.188477 0.966797 0.182617 0.961914 0.178711 0.950195 0.176758 0.949219 0.172852 0.939453 0.172852 0.935547 0.175781 0.932617 0.183594 0.932617 0.180664 0.928711 0.176758 0.927734 0.176758 0.924805 0.170898 0.923828 0.171875 0.925781 0.169922 0.926758 0.165039 0.920898 0.172852 0.916992 0.174805 0.909180 0.173828 0.905273 0.175781 0.903320 0.174805 0.900391 0.181641 0.898438 0.188477 0.891602 0.192383 0.881836 0.195312 0.879883 0.198242 0.881836 0.205078 0.879883 0.194336 0.873047 0.194336 0.856445 0.196289 0.854492 0.197266 0.855469 0.197266 0.853516 0.200195 0.851562 0.197266 0.848633 0.193359 0.848633 0.196289 0.846680 0.195312 0.845703 0.191406 0.845703 0.190430 0.850586 0.186523 0.844727 0.174805 0.835938 0.172852 0.832031 0.172852 0.834961 0.174805 0.836914 0.170898 0.837891 0.168945 0.841797 0.165039 0.843750 0.168945 0.845703 0.165039 0.853516 0.156250 0.854492 0.145508 0.862305 0.142578 0.862305 0.137695 0.857422 0.139648 0.852539 0.133789 0.852539 0.125000 0.843750 0.126953 0.834961 0.128906 0.838867 0.130859 0.836914 0.138672 0.838867 0.138672 0.836914 0.128906 0.829102 0.124023 0.834961 0.123047 0.833008 0.119141 0.839844 0.119141 0.834961 0.116211 0.834961 0.114258 0.836914 0.102539 0.834961 0.093750 0.839844 0.082031 0.839844 0.068359 0.842773 0.066406 0.836914 0.068359 0.835938 0.069336 0.837891 0.074219 0.835938 0.073242 0.833984 0.068359 0.833984 0.066406 0.836914 0.061523 0.837891 0.058594 0.842773 0.047852 0.841797 0.044922 0.839844 0.047852 0.835938 0.049805 0.835938 0.049805 0.833008 0.045898 0.833008 0.041016 0.838867 0.042969 0.838867 0.042969 0.840820 0.023438 0.841797 0.018555 0.839844 0.018555 0.842773 0.015625 0.844727 0.010742 0.844727 0.007812 0.846680 0.002930 0.845703 0.002930 0.848633
1 0.256836 0.817383 0.256836 0.825195 0.255859 0.826172 0.257812 0.826172 0.258789 0.825195 0.260742 0.825195 0.261719 0.826172 0.263672 0.826172 0.264648 0.827148 0.264648 0.830078 0.267578 0.830078 0.272461 0.825195 0.273438 0.825195 0.274414 0.826172 0.278320 0.826172 0.279297 0.827148 0.279297 0.828125 0.280273 0.828125 0.280273 0.827148 0.281250 0.826172 0.281250 0.822266 0.280273 0.821289 0.278320 0.821289 0.277344 0.822266 0.275391 0.822266 0.274414 0.821289 0.273438 0.821289 0.272461 0.820312 0.271484 0.820312 0.268555 0.817383 0.268555 0.816406 0.269531 0.815430 0.269531 0.814453 0.267578 0.814453 0.265625 0.816406 0.261719 0.816406 0.260742 0.817383 0.260742 0.819336 0.259766 0.820312 0.257812 0.820312 0.256836 0.819336
1 0.213867 0.803711 0.212891 0.802734 0.211914 0.802734 0.210938 0.803711 0.209961 0.803711 0.208984 0.802734 0.207031 0.802734 0.207031 0.804688 0.206055 0.805664 0.202148 0.805664 0.201172 0.804688 0.201172 0.803711 0.199219 0.803711 0.198242 0.804688 0.198242 0.805664 0.196289 0.807617 0.195312 0.807617 0.195312 0.808594 0.194336 0.809570 0.194336 0.810547 0.192383 0.812500 0.192383 0.814453 0.191406 0.815430 0.190430 0.814453 0.188477 0.814453 0.187500 0.815430 0.185547 0.815430 0.185547 0.816406 0.183594 0.818359 0.182617 0.818359 0.181641 0.819336 0.180664 0.819336 0.180664 0.821289 0.179688 0.822266 0.179688 0.823242 0.180664 0.824219 0.180664 0.826172 0.181641 0.827148 0.183594 0.827148 0.184570 0.826172 0.185547 0.826172 0.186523 0.825195 0.186523 0.824219 0.187500 0.823242 0.188477 0.823242 0.189453 0.822266 0.192383 0.822266 0.193359 0.823242 0.194336 0.823242 0.196289 0.825195 0.198242 0.825195 0.199219 0.826172 0.198242 0.827148 0.198242 0.828125 0.199219 0.827148 0.200195 0.827148 0.201172 0.826172 0.202148 0.826172 0.202148 0.825195 0.203125 0.824219 0.202148 0.823242 0.202148 0.820312 0.203125 0.819336 0.204102 0.819336 0.204102 0.813477 0.203125 0.812500 0.204102 0.811523 0.205078 0.811523 0.207031 0.813477 0.208008 0.813477 0.208984 0.814453 0.209961 0.814453 0.210938 0.813477 0.211914 0.813477 0.212891 0.812500 0.212891 0.811523 0.213867 0.810547 0.214844 0.810547 0.214844 0.806641 0.213867 0.805664
1 0.336914 0.762695 0.335938 0.761719 0.333008 0.761719 0.332031 0.762695 0.331055 0.762695 0.331055 0.763672 0.330078 0.764648 0.329102 0.764648 0.329102 0.767578 0.331055 0.767578 0.331055 0.766602 0.332031 0.765625 0.333008 0.766602 0.333008 0.767578 0.333008 0.766602 0.334961 0.764648 0.335938 0.764648 0.336914 0.763672
1 0.361328 0.756836 0.361328 0.759766 0.362305 0.760742 0.363281 0.760742 0.365234 0.758789 0.366211 0.759766 0.365234 0.758789 0.365234 0.757812 0.364258 0.756836
1 0.273438 0.737305 0.270508 0.739258 0.276367 0.741211 0.268555 0.750000 0.267578 0.758789 0.269531 0.768555 0.278320 0.772461 0.279297 0.793945 0.275391 0.797852 0.276367 0.807617 0.271484 0.810547 0.276367 0.814453 0.278320 0.810547 0.286133 0.815430 0.298828 0.814453 0.303711 0.820312 0.299805 0.823242 0.304688 0.821289 0.307617 0.825195 0.310547 0.843750 0.303711 0.859375 0.307617 0.861328 0.310547 0.879883 0.304688 0.884766 0.292969 0.883789 0.290039 0.886719 0.288086 0.883789 0.282227 0.886719 0.278320 0.880859 0.274414 0.882812 0.269531 0.878906 0.271484 0.872070 0.264648 0.866211 0.271484 0.858398 0.270508 0.855469 0.259766 0.855469 0.253906 0.862305 0.253906 0.879883 0.263672 0.889648 0.260742 0.897461 0.262695 0.901367 0.270508 0.902344 0.278320 0.909180 0.286133 0.904297 0.293945 0.905273 0.279297 0.915039 0.291992 0.914062 0.293945 0.916992 0.308594 0.912109 0.312500 0.918945 0.314453 0.916992 0.324219 0.920898 0.326172 0.926758 0.319336 0.927734 0.324219 0.934570 0.322266 0.959961 0.316406 0.962891 0.312500 0.960938 0.309570 0.963867 0.318359 0.965820 0.321289 0.962891 0.323242 0.964844 0.321289 0.968750 0.322266 0.966797 0.324219 0.969727 0.321289 0.974609 0.314453 0.975586 0.311523 0.979492 0.303711 0.966797 0.294922 0.962891 0.286133 0.963867 0.285156 0.958984 0.289062 0.958008 0.285156 0.948242 0.280273 0.945312 0.276367 0.947266 0.268555 0.924805 0.250000 0.925781 0.243164 0.930664 0.239258 0.925781 0.241211 0.916992 0.233398 0.919922 0.238281 0.950195 0.231445 0.950195 0.232422 0.954102 0.229492 0.957031 0.241211 0.958984 0.238281 0.963867 0.249023 0.967773 0.253906 0.977539 0.248047 0.980469 0.244141 0.972656 0.242188 0.979492 0.248047 0.980469 0.252930 0.987305 0.255859 0.985352 0.257812 0.994141 0.264648 0.995117 0.258789 0.985352 0.275391 0.994141 0.280273 1.001953 0.278320 1.010742 0.272461 1.013672 0.268555 1.008789 0.268555 1.017578 0.271484 1.012695 0.278320 1.011719 0.282227 1.017578 0.282227 1.025391 0.318359 1.024414 0.319336 1.009766 0.316406 1.007812 0.313477 0.996094 0.319336 0.977539 0.322266 0.981445 0.327148 0.979492 0.332031 0.981445 0.330078 0.990234 0.333008 0.993164 0.339844 0.988281 0.351562 0.991211 0.351562 0.995117 0.359375 0.997070 0.363281 1.005859 0.370117 1.009766 0.373047 1.017578 0.372070 0.908203 0.365234 0.913086 0.355469 0.900391 0.352539 0.890625 0.355469 0.876953 0.365234 0.880859 0.371094 0.873047 0.371094 0.851562 0.355469 0.853516 0.361328 0.839844 0.366211 0.837891 0.362305 0.835938 0.362305 0.831055 0.368164 0.816406 0.366211 0.798828 0.371094 0.798828 0.371094 0.787109 0.364258 0.784180 0.366211 0.777344 0.362305 0.772461 0.363281 0.768555 0.359375 0.767578 0.350586 0.755859 0.345703 0.755859 0.360352 0.803711 0.359375 0.812500 0.354492 0.816406 0.356445 0.824219 0.351562 0.826172 0.357422 0.831055 0.351562 0.833984 0.348633 0.828125 0.345703 0.829102 0.336914 0.822266 0.335938 0.816406 0.339844 0.809570 0.337891 0.806641 0.332031 0.808594 0.325195 0.794922 0.323242 0.778320 0.328125 0.742188 0.306641 0.735352 0.287109 0.737305 0.286133 0.735352 0.278320 0.740234
1 0.330078 0.732422 0.330078 0.733398 0.331055 0.734375 0.331055 0.735352 0.329102 0.737305 0.329102 0.738281 0.332031 0.738281 0.333984 0.740234 0.335938 0.740234 0.336914 0.739258 0.337891 0.739258 0.337891 0.736328 0.333984 0.732422
1 1.779297 0.726562 1.773438 0.728516 1.773438 0.730469 1.771484 0.733398 1.770508 0.733398 1.767578 0.736328 1.764648 0.736328 1.761719 0.738281 1.758789 0.738281 1.754883 0.736328 1.751953 0.738281 1.749023 0.738281 1.750000 0.740234 1.749023 0.741211 1.743164 0.738281 1.738281 0.742188 1.734375 0.738281 1.733398 0.738281 1.732422 0.739258 1.727539 0.740234 1.727539 0.741211 1.723633 0.744141 1.721680 0.742188 1.717773 0.742188 1.716797 0.744141 1.714844 0.744141 1.712891 0.747070 1.712891 0.750000 1.709961 0.751953 1.709961 0.753906 1.708008 0.755859 1.706055 0.755859 1.702148 0.758789 1.699219 0.756836 1.695312 0.757812 1.694336 0.758789 1.695312 0.759766 1.695312 0.761719 1.696289 0.761719 1.698242 0.763672 1.697266 0.765625 1.695312 0.765625 1.695312 0.767578 1.697266 0.767578 1.698242 0.768555 1.697266 0.770508 1.692383 0.775391 1.687500 0.775391 1.687500 0.776367 1.685547 0.778320 1.684570 0.777344 1.683594 0.778320 1.683594 0.780273 1.686523 0.780273 1.687500 0.781250 1.687500 0.784180 1.685547 0.786133 1.681641 0.788086 1.681641 0.802734 1.682617 0.804688 1.683594 0.802734 1.684570 0.803711 1.684570 0.805664 1.682617 0.807617 1.682617 0.809570 1.684570 0.811523 1.684570 0.812500 1.685547 0.812500 1.687500 0.814453 1.686523 0.815430 1.686523 0.819336 1.688477 0.822266 1.688477 0.824219 1.694336 0.831055 1.696289 0.831055 1.697266 0.832031 1.697266 0.834961 1.699219 0.836914 1.698242 0.839844 1.696289 0.840820 1.696289 0.842773 1.698242 0.839844 1.702148 0.846680 1.704102 0.848633 1.706055 0.848633 1.708008 0.850586 1.708008 0.851562 1.711914 0.851562 1.711914 0.850586 1.713867 0.849609 1.713867 0.848633 1.717773 0.843750 1.717773 0.838867 1.718750 0.837891 1.719727 0.838867 1.720703 0.837891 1.722656 0.837891 1.723633 0.838867 1.724609 0.837891 1.726562 0.837891 1.726562 0.835938 1.731445 0.831055 1.732422 0.831055 1.736328 0.827148 1.737305 0.828125 1.737305 0.827148 1.740234 0.823242 1.740234 0.821289 1.741211 0.820312 1.741211 0.818359 1.743164 0.814453 1.747070 0.812500 1.748047 0.808594 1.749023 0.807617 1.751953 0.806641 1.754883 0.810547 1.758789 0.810547 1.760742 0.809570 1.760742 0.808594 1.758789 0.806641 1.758789 0.803711 1.755859 0.800781 1.755859 0.799805 1.757812 0.797852 1.758789 0.794922 1.760742 0.793945 1.760742 0.791992 1.762695 0.789062 1.759766 0.785156 1.756836 0.785156 1.755859 0.784180 1.756836 0.781250 1.758789 0.780273 1.758789 0.778320 1.756836 0.778320 1.755859 0.777344 1.756836 0.776367 1.758789 0.776367 1.758789 0.775391 1.760742 0.773438 1.761719 0.773438 1.762695 0.771484 1.761719 0.769531 1.761719 0.766602 1.762695 0.764648 1.761719 0.763672 1.763672 0.761719 1.764648 0.762695 1.767578 0.761719 1.768555 0.759766 1.772461 0.759766 1.773438 0.757812 1.776367 0.756836 1.778320 0.754883 1.778320 0.752930 1.782227 0.748047 1.782227 0.746094 1.785156 0.744141 1.785156 0.743164 1.783203 0.742188 1.783203 0.738281 1.785156 0.737305 1.785156 0.734375 1.786133 0.732422 1.785156 0.731445 1.782227 0.734375 1.781250 0.734375 1.779297 0.732422
1 1.094727 0.650391 1.094727 0.652344 1.095703 0.653320 1.096680 0.653320 1.097656 0.654297 1.097656 0.655273 1.098633 0.655273 1.098633 0.653320 1.099609 0.652344 1.097656 0.652344 1.095703 0.650391
1 0.578125 0.616211 0.577148 0.617188 0.577148 0.618164 0.576172 0.619141 0.576172 0.620117 0.577148 0.621094 0.580078 0.621094 0.581055 0.622070 0.582031 0.622070 0.581055 0.622070 0.580078 0.621094 0.581055 0.620117 0.582031 0.620117 0.582031 0.619141 0.581055 0.619141 0.579102 0.617188 0.579102 0.616211
1 1.742188 0.524414 1.741211 0.526367 1.742188 0.531250 1.740234 0.532227 1.740234 0.534180 1.738281 0.536133 1.739258 0.541992 1.736328 0.542969 1.736328 0.547852 1.735352 0.548828 1.736328 0.551758 1.739258 0.554688 1.739258 0.557617 1.742188 0.559570 1.739258 0.560547 1.742188 0.562500 1.745117 0.562500 1.747070 0.567383 1.751953 0.571289 1.754883 0.575195 1.759766 0.575195 1.761719 0.577148 1.762695 0.581055 1.765625 0.583984 1.765625 0.584961 1.762695 0.586914 1.761719 0.589844 1.766602 0.595703 1.765625 0.596680 1.766602 0.601562 1.768555 0.601562 1.770508 0.604492 1.774414 0.604492 1.775391 0.603516 1.778320 0.605469 1.777344 0.607422 1.778320 0.609375 1.778320 0.614258 1.777344 0.615234 1.781250 0.617188 1.780273 0.618164 1.781250 0.617188 1.783203 0.619141 1.785156 0.624023 1.784180 0.625977 1.786133 0.626953 1.789062 0.631836 1.791016 0.630859 1.792969 0.632812 1.790039 0.633789 1.789062 0.635742 1.792969 0.637695 1.791992 0.638672 1.793945 0.640625 1.792969 0.643555 1.793945 0.642578 1.794922 0.643555 1.795898 0.647461 1.796875 0.646484 1.799805 0.646484 1.800781 0.647461 1.803711 0.646484 1.805664 0.648438 1.804688 0.653320 1.805664 0.654297 1.808594 0.654297 1.809570 0.653320 1.811523 0.654297 1.821289 0.645508 1.824219 0.644531 1.827148 0.645508 1.828125 0.642578 1.833984 0.638672 1.834961 0.636719 1.833008 0.633789 1.832031 0.634766 1.829102 0.631836 1.830078 0.630859 1.833008 0.630859 1.833984 0.629883 1.840820 0.629883 1.841797 0.630859 1.842773 0.627930 1.844727 0.629883 1.846680 0.629883 1.849609 0.632812 1.851562 0.632812 1.853516 0.630859 1.855469 0.632812 1.858398 0.632812 1.860352 0.630859 1.860352 0.629883 1.857422 0.628906 1.859375 0.626953 1.862305 0.627930 1.862305 0.630859 1.865234 0.630859 1.866211 0.628906 1.871094 0.627930 1.872070 0.625977 1.874023 0.625000 1.874023 0.607422 1.849609 0.607422 1.848633 0.606445 1.848633 0.581055 1.846680 0.579102 1.846680 0.578125 1.848633 0.577148 1.847656 0.571289 1.846680 0.570312 1.847656 0.569336 1.847656 0.556641 1.846680 0.555664 1.847656 0.554688 1.847656 0.549805 1.845703 0.548828 1.847656 0.545898 1.847656 0.533203 1.845703 0.529297 1.847656 0.528320 1.846680 0.505859 1.841797 0.505859 1.840820 0.509766 1.838867 0.511719 1.833008 0.510742 1.833008 0.513672 1.834961 0.515625 1.834961 0.519531 1.829102 0.523438 1.828125 0.522461 1.823242 0.522461 1.822266 0.523438 1.820312 0.521484 1.817383 0.520508 1.814453 0.517578 1.814453 0.515625 1.811523 0.513672 1.804688 0.505859 1.802734 0.508789 1.799805 0.507812 1.797852 0.505859 1.795898 0.508789 1.792969 0.506836 1.791016 0.506836 1.788086 0.508789 1.784180 0.508789 1.782227 0.506836 1.779297 0.508789 1.778320 0.506836 1.773438 0.505859 1.771484 0.507812 1.772461 0.509766 1.771484 0.510742 1.772461 0.511719 1.769531 0.514648 1.763672 0.516602 1.761719 0.514648 1.762695 0.512695 1.764648 0.513672 1.763672 0.511719 1.759766 0.513672 1.758789 0.515625 1.755859 0.515625 1.754883 0.512695 1.753906 0.513672 1.753906 0.516602 1.750977 0.520508 1.750000 0.519531
1 1.675781 0.498047 1.675781 0.499023 1.674805 0.500000 1.673828 0.500000 1.672852 0.500977 1.670898 0.500977 1.669922 0.501953 1.669922 0.504883 1.674805 0.504883 1.675781 0.505859 1.675781 0.506836 1.676758 0.507812 1.676758 0.505859 1.675781 0.504883
1 1.479492 0.482422 1.477539 0.484375 1.476562 0.483398 1.476562 0.502930 1.477539 0.503906 1.477539 0.506836 1.476562 0.507812 1.476562 0.514648 1.479492 0.517578 1.479492 0.518555 1.482422 0.521484 1.483398 0.520508 1.484375 0.521484 1.485352 0.520508 1.485352 0.515625 1.486328 0.514648 1.486328 0.513672 1.485352 0.512695 1.485352 0.508789 1.484375 0.507812 1.484375 0.492188 1.482422 0.490234 1.482422 0.482422
1 1.608398 0.480469 1.608398 0.481445 1.610352 0.483398 1.610352 0.485352 1.608398 0.487305 1.608398 0.488281 1.607422 0.489258 1.607422 0.490234 1.608398 0.490234 1.609375 0.491211 1.609375 0.494141 1.610352 0.495117 1.610352 0.501953 1.611328 0.502930 1.608398 0.505859 1.608398 0.506836 1.607422 0.507812 1.607422 0.508789 1.608398 0.509766 1.608398 0.510742 1.609375 0.511719 1.611328 0.511719 1.612305 0.512695 1.614258 0.512695 1.615234 0.513672 1.615234 0.514648 1.617188 0.514648 1.618164 0.515625 1.619141 0.515625 1.620117 0.516602 1.622070 0.516602 1.623047 0.517578 1.625977 0.517578 1.626953 0.518555 1.626953 0.519531 1.630859 0.519531 1.632812 0.517578 1.633789 0.518555 1.641602 0.518555 1.641602 0.514648 1.640625 0.513672 1.641602 0.512695 1.642578 0.512695 1.643555 0.511719 1.641602 0.509766 1.641602 0.508789 1.640625 0.507812 1.640625 0.506836 1.639648 0.505859 1.639648 0.504883 1.638672 0.503906 1.638672 0.501953 1.637695 0.500977 1.637695 0.500000 1.638672 0.499023 1.639648 0.499023 1.639648 0.498047 1.637695 0.496094 1.638672 0.495117 1.638672 0.494141 1.637695 0.493164 1.637695 0.489258 1.634766 0.489258 1.633789 0.488281 1.633789 0.480469 1.632812 0.479492 1.627930 0.479492 1.626953 0.478516 1.626953 0.477539 1.625977 0.477539 1.624023 0.479492 1.617188 0.479492 1.616211 0.480469 1.615234 0.480469 1.614258 0.481445 1.613281 0.481445 1.611328 0.479492 1.610352 0.479492 1.609375 0.480469
1 1.492188 0.477539 1.491211 0.477539 1.491211 0.478516 1.490234 0.479492 1.490234 0.481445 1.489258 0.482422 1.489258 0.483398 1.490234 0.484375 1.490234 0.497070 1.491211 0.498047 1.491211 0.507812 1.490234 0.508789 1.489258 0.508789 1.489258 0.512695 1.490234 0.512695 1.491211 0.513672 1.491211 0.515625 1.490234 0.516602 1.490234 0.517578 1.490234 0.516602 1.491211 0.515625 1.491211 0.510742 1.492188 0.509766 1.492188 0.506836 1.493164 0.505859 1.494141 0.506836 1.495117 0.506836 1.496094 0.507812 1.496094 0.508789 1.496094 0.500000 1.495117 0.500000 1.496094 0.500977 1.495117 0.501953 1.495117 0.502930 1.494141 0.503906 1.493164 0.502930 1.493164 0.494141 1.494141 0.493164 1.494141 0.491211 1.495117 0.490234 1.495117 0.488281 1.496094 0.487305 1.496094 0.486328 1.495117 0.485352 1.495117 0.482422 1.494141 0.482422 1.493164 0.481445 1.493164 0.478516
1 1.666016 0.475586 1.660156 0.475586 1.658203 0.477539 1.656250 0.477539 1.656250 0.478516 1.655273 0.479492 1.654297 0.479492 1.654297 0.481445 1.655273 0.482422 1.655273 0.487305 1.656250 0.488281 1.656250 0.490234 1.657227 0.491211 1.657227 0.495117 1.658203 0.496094 1.658203 0.505859 1.657227 0.506836 1.656250 0.506836 1.655273 0.505859 1.654297 0.505859 1.651367 0.508789 1.652344 0.509766 1.652344 0.510742 1.655273 0.510742 1.656250 0.509766 1.658203 0.511719 1.658203 0.513672 1.657227 0.514648 1.656250 0.514648 1.656250 0.515625 1.657227 0.516602 1.658203 0.516602 1.658203 0.514648 1.662109 0.510742 1.662109 0.508789 1.665039 0.505859 1.665039 0.504883 1.666992 0.502930 1.666992 0.501953 1.667969 0.500977 1.667969 0.500000 1.668945 0.499023 1.668945 0.497070 1.667969 0.496094 1.667969 0.494141 1.668945 0.493164 1.670898 0.493164 1.672852 0.495117 1.672852 0.496094 1.674805 0.496094 1.674805 0.495117 1.673828 0.494141 1.673828 0.493164 1.669922 0.493164 1.668945 0.492188 1.669922 0.491211 1.669922 0.490234 1.670898 0.489258 1.672852 0.489258 1.675781 0.486328 1.675781 0.484375 1.674805 0.483398 1.674805 0.481445 1.673828 0.480469 1.672852 0.480469 1.671875 0.479492 1.670898 0.480469 1.667969 0.477539 1.667969 0.476562 1.666992 0.476562
1 0.654297 0.358398 0.654297 0.360352 0.655273 0.361328 0.656250 0.361328 0.657227 0.362305 0.658203 0.361328 0.659180 0.362305 0.660156 0.362305 0.662109 0.360352 0.663086 0.361328 0.663086 0.360352 0.662109 0.359375 0.662109 0.357422 0.661133 0.356445 0.660156 0.356445 0.659180 0.357422 0.657227 0.355469
1 0.562500 0.313477 0.562500 0.317383 0.561523 0.318359 0.561523 0.350586 0.562500 0.351562 0.561523 0.352539 0.561523 0.353516 0.562500 0.354492 0.562500 0.355469 0.562500 0.343750 0.563477 0.342773 0.563477 0.316406 0.562500 0.315430
1 0.419922 0.316406 0.417969 0.314453 0.416992 0.314453 0.416016 0.313477 0.415039 0.313477 0.413086 0.311523 0.413086 0.310547 0.405273 0.310547 0.403320 0.312500 0.402344 0.312500 0.400391 0.310547 0.399414 0.310547 0.398438 0.311523 0.391602 0.311523 0.390625 0.312500 0.387695 0.312500 0.387695 0.313477 0.386719 0.314453 0.384766 0.314453 0.383789 0.315430 0.383789 0.316406 0.382812 0.317383 0.381836 0.317383 0.380859 0.316406 0.380859 0.315430 0.379883 0.315430 0.379883 0.317383 0.378906 0.318359 0.377930 0.318359 0.376953 0.319336 0.375977 0.319336 0.375977 0.320312 0.376953 0.320312 0.377930 0.321289 0.377930 0.324219 0.376953 0.325195 0.375977 0.324219 0.375000 0.324219 0.374023 0.323242 0.374023 0.321289 0.373047 0.321289 0.373047 0.322266 0.372070 0.323242 0.372070 0.324219 0.375000 0.324219 0.375977 0.325195 0.375977 0.326172 0.375000 0.327148 0.374023 0.327148 0.373047 0.328125 0.372070 0.328125 0.371094 0.329102 0.369141 0.329102 0.369141 0.337891 0.370117 0.338867 0.370117 0.339844 0.372070 0.341797 0.372070 0.342773 0.373047 0.343750 0.373047 0.344727 0.375000 0.346680 0.375000 0.347656 0.376953 0.349609 0.376953 0.350586 0.377930 0.350586 0.378906 0.351562 0.377930 0.352539 0.376953 0.352539 0.376953 0.353516 0.377930 0.353516 0.378906 0.354492 0.383789 0.354492 0.384766 0.355469 0.390625 0.355469 0.391602 0.354492 0.394531 0.354492 0.395508 0.353516 0.395508 0.352539 0.397461 0.350586 0.397461 0.348633 0.398438 0.347656 0.398438 0.346680 0.399414 0.345703 0.400391 0.346680 0.401367 0.346680 0.406250 0.341797 0.407227 0.342773 0.407227 0.340820 0.408203 0.339844 0.412109 0.339844 0.412109 0.337891 0.414062 0.335938 0.415039 0.335938 0.415039 0.334961 0.416016 0.333984 0.416016 0.332031 0.416992 0.331055 0.416992 0.330078 0.417969 0.329102 0.417969 0.323242 0.416992 0.322266 0.416992 0.321289 0.417969 0.320312 0.417969 0.318359
1 1.457031 0.229492 1.240234 0.229492 1.245117 0.614258 1.071289 0.617188 1.083984 0.643555 1.099609 0.641602 1.108398 0.659180 1.125977 0.665039 1.126953 0.682617 1.096680 0.691406 1.096680 0.704102 1.118164 0.707031 1.112305 0.728516 1.063477 0.708008 1.062500 0.662109 1.029297 0.639648 1.042969 0.618164 0.798828 0.621094 0.795898 0.374023 0.787109 0.370117 0.766602 0.398438 0.727539 0.414062 0.710938 0.388672 0.717773 0.375977 0.693359 0.373047 0.675781 0.351562 0.662109 0.384766 0.668945 0.380859 0.676758 0.394531 0.661133 0.401367 0.642578 0.362305 0.673828 0.347656 0.682617 0.312500 0.668945 0.295898 0.637695 0.289062 0.636719 0.254883 0.662109 0.242188 0.676758 0.280273 0.699219 0.260742 0.692383 0.246094 0.708984 0.230469 0.568359 0.230469 0.571289 0.602539 0.600586 0.624023 0.592773 0.641602 0.572266 0.650391 0.575195 1.018555 0.596680 1.017578 0.584961 0.999023 0.597656 0.981445 0.626953 1.001953 0.647461 0.987305 0.639648 0.957031 0.613281 0.937500 0.639648 0.927734 0.630859 0.916016 0.618164 0.920898 0.618164 0.898438 0.642578 0.879883 0.637695 0.859375 0.679688 0.832031 0.693359 0.786133 0.715820 0.791016 0.717773 0.774414 0.761719 0.745117 0.756836 0.730469 0.770508 0.721680 0.762695 0.711914 0.775391 0.703125 0.768555 0.689453 0.781250 0.691406 0.788086 0.666016 0.816406 0.674805 0.822266 0.692383 0.844727 0.695312 0.841797 0.681641 0.875000 0.677734 0.879883 0.686523 0.918945 0.690430 0.938477 0.708984 0.985352 0.706055 1.000000 0.727539 1.034180 0.739258 1.059570 0.771484 1.070312 0.767578 1.082031 0.795898 1.073242 0.826172 1.120117 0.837891 1.135742 0.855469 1.144531 0.855469 1.145508 0.835938 1.161133 0.845703 1.162109 0.832031 1.177734 0.860352 1.195312 0.867188 1.189453 0.882812 1.199219 0.876953 1.212891 0.905273 1.226562 0.903320 1.256836 0.928711 1.278320 0.917969 1.274414 0.883789 1.301758 0.877930 1.308594 0.907227 1.318359 0.911133 1.315430 0.930664 1.329102 0.939453 1.319336 0.947266 1.348633 0.967773 1.351562 0.999023 1.428711 0.997070 1.411133 0.970703 1.446289 0.966797 1.447266 0.996094 1.468750 0.996094
1 0.696289 0.211914 0.695312 0.210938 0.695312 0.209961 0.692383 0.209961 0.691406 0.210938 0.688477 0.210938 0.687500 0.209961 0.685547 0.209961 0.685547 0.211914 0.684570 0.212891 0.677734 0.212891 0.676758 0.213867 0.675781 0.213867 0.674805 0.214844 0.673828 0.214844 0.672852 0.213867 0.666992 0.213867 0.666992 0.214844 0.667969 0.215820 0.667969 0.221680 0.696289 0.221680
1 1.381836 0.206055 1.381836 0.203125 1.380859 0.202148 1.380859 0.197266 1.375977 0.192383 1.375000 0.192383 1.374023 0.191406 1.373047 0.191406 1.371094 0.189453 1.371094 0.187500 1.368164 0.187500 1.369141 0.187500 1.370117 0.188477 1.370117 0.189453 1.369141 0.190430 1.364258 0.190430 1.363281 0.191406 1.357422 0.191406 1.356445 0.192383 1.355469 0.192383 1.354492 0.191406 1.352539 0.191406 1.352539 0.192383 1.351562 0.193359 1.351562 0.195312 1.350586 0.196289 1.348633 0.196289 1.347656 0.195312 1.347656 0.194336 1.346680 0.194336 1.344727 0.196289 1.342773 0.196289 1.344727 0.198242 1.342773 0.200195 1.342773 0.201172 1.343750 0.202148 1.343750 0.203125 1.354492 0.203125 1.356445 0.205078 1.357422 0.205078 1.358398 0.204102 1.360352 0.206055 1.364258 0.206055 1.365234 0.207031 1.367188 0.207031 1.369141 0.205078 1.374023 0.205078 1.375000 0.206055
1 0.529297 0.164062 0.528320 0.165039 0.529297 0.166016 0.529297 0.170898 0.528320 0.171875 0.528320 0.176758 0.529297 0.177734 0.529297 0.178711 0.528320 0.179688 0.528320 0.180664 0.529297 0.181641 0.529297 0.185547 0.525391 0.189453 0.526367 0.190430 0.525391 0.191406 0.526367 0.192383 0.526367 0.193359 0.524414 0.195312 0.524414 0.196289 0.525391 0.197266 0.527344 0.197266 0.527344 0.196289 0.528320 0.195312 0.529297 0.196289 0.529297 0.197266 0.532227 0.197266 0.535156 0.200195 0.536133 0.200195 0.537109 0.201172 0.537109 0.202148 0.539062 0.202148 0.541016 0.204102 0.541016 0.206055 0.542969 0.206055 0.544922 0.204102 0.544922 0.203125 0.547852 0.200195 0.558594 0.200195 0.558594 0.165039 0.555664 0.165039 0.554688 0.164062 0.553711 0.165039 0.552734 0.164062 0.550781 0.164062 0.549805 0.165039 0.548828 0.164062 0.547852 0.165039 0.546875 0.164062 0.546875 0.163086 0.545898 0.163086 0.544922 0.162109 0.532227 0.162109 0.530273 0.164062
1 1.134766 0.047852 1.133789 0.047852 1.132812 0.048828 1.129883 0.048828 1.128906 0.049805 1.128906 0.052734 1.127930 0.053711 1.127930 0.056641 1.126953 0.057617 1.126953 0.060547 1.125977 0.061523 1.125977 0.063477 1.124023 0.065430 1.125000 0.066406 1.125000 0.067383 1.124023 0.068359 1.124023 0.069336 1.125000 0.069336 1.125977 0.070312 1.125977 0.078125 1.126953 0.078125 1.127930 0.079102 1.128906 0.079102 1.129883 0.080078 1.129883 0.086914 1.129883 0.085938 1.131836 0.083984 1.132812 0.083984 1.133789 0.083008 1.135742 0.083008 1.138672 0.080078 1.139648 0.081055 1.140625 0.081055 1.142578 0.083008 1.142578 0.083984 1.143555 0.084961 1.144531 0.083984 1.144531 0.080078 1.143555 0.079102 1.146484 0.076172 1.146484 0.074219 1.147461 0.073242 1.148438 0.073242 1.148438 0.070312 1.149414 0.069336 1.149414 0.067383 1.150391 0.066406 1.150391 0.064453 1.149414 0.063477 1.149414 0.061523 1.146484 0.058594 1.146484 0.057617 1.144531 0.055664 1.144531 0.053711 1.143555 0.052734 1.142578 0.052734 1.139648 0.049805 1.138672 0.049805 1.137695 0.048828 1.135742 0.048828
1 1.389648 0.000977 1.389648 0.001953 1.390625 0.002930 1.392578 0.002930 1.393555 0.003906 1.393555 0.004883 1.394531 0.004883 1.398438 0.008789 1.397461 0.011719 1.395508 0.013672 1.394531 0.012695 1.393555 0.012695 1.392578 0.013672 1.392578 0.014648 1.395508 0.014648 1.396484 0.015625 1.396484 0.021484 1.395508 0.022461 1.395508 0.024414 1.394531 0.025391 1.393555 0.025391 1.393555 0.026367 1.392578 0.027344 1.392578 0.031250 1.391602 0.032227 1.391602 0.036133 1.389648 0.038086 1.389648 0.042969 1.390625 0.043945 1.390625 0.045898 1.391602 0.046875 1.391602 0.050781 1.392578 0.051758 1.392578 0.055664 1.393555 0.056641 1.392578 0.057617 1.393555 0.056641 1.394531 0.057617 1.394531 0.059570 1.396484 0.062500 1.396484 0.064453 1.398438 0.066406 1.399414 0.066406 1.400391 0.067383 1.400391 0.068359 1.401367 0.068359 1.402344 0.069336 1.402344 0.070312 1.404297 0.070312 1.405273 0.071289 1.405273 0.072266 1.407227 0.072266 1.409180 0.074219 1.413086 0.074219 1.415039 0.072266 1.416016 0.072266 1.416992 0.071289 1.419922 0.072266 1.420898 0.073242 1.420898 0.074219 1.421875 0.074219 1.423828 0.076172 1.423828 0.077148 1.422852 0.078125 1.421875 0.077148 1.421875 0.078125 1.422852 0.078125 1.423828 0.079102 1.422852 0.080078 1.423828 0.081055 1.423828 0.083008 1.425781 0.083008 1.426758 0.083984 1.426758 0.084961 1.428711 0.084961 1.428711 0.083008 1.429688 0.082031 1.430664 0.082031 1.431641 0.083008 1.431641 0.083984 1.430664 0.084961 1.431641 0.084961 1.432617 0.085938 1.432617 0.087891 1.433594 0.088867 1.433594 0.090820 1.432617 0.091797 1.431641 0.091797 1.431641 0.092773 1.428711 0.095703 1.428711 0.096680 1.429688 0.097656 1.435547 0.097656 1.436523 0.098633 1.436523 0.100586 1.455078 0.100586 1.455078 0.058594 1.454102 0.057617 1.454102 0.000000 1.432617 0.000000 1.432617 0.000977 1.431641 0.001953 1.430664 0.001953 1.428711 0.000000 1.391602 0.000000 1.390625 0.000977
1 1.193359 0.000000 1.202148 0.008789 1.195312 0.012695 1.201172 0.015625 1.208984 0.012695 1.211914 0.015625 1.210938 0.016602 1.216797 0.019531 1.214844 0.023438 1.215820 0.027344 1.219727 0.027344 1.218750 0.023438 1.219727 0.022461 1.228516 0.024414 1.236328 0.033203 1.235352 0.042969 1.233398 0.043945 1.233398 0.046875 1.236328 0.049805 1.234375 0.052734 1.236328 0.058594 1.238281 0.056641 1.241211 0.058594 1.246094 0.058594 1.247070 0.056641 1.253906 0.056641 1.254883 0.054688 1.258789 0.056641 1.260742 0.055664 1.259766 0.047852 1.257812 0.045898 1.255859 0.046875 1.254883 0.043945 1.259766 0.040039 1.258789 0.032227 1.266602 0.024414 1.268555 0.016602 1.271484 0.013672 1.274414 0.013672 1.273438 0.005859 1.278320 0.002930 1.281250 0.006836 1.280273 0.011719 1.286133 0.012695 1.287109 0.014648 1.291992 0.016602 1.296875 0.022461 1.295898 0.023438 1.296875 0.027344 1.302734 0.031250 1.303711 0.033203 1.298828 0.039062 1.301758 0.041016 1.305664 0.039062 1.309570 0.041016 1.313477 0.039062 1.318359 0.047852 1.313477 0.049805 1.312500 0.051758 1.313477 0.055664 1.316406 0.054688 1.316406 0.051758 1.318359 0.049805 1.321289 0.057617 1.323242 0.058594 1.325195 0.062500 1.324219 0.063477 1.320312 0.062500 1.320312 0.065430 1.324219 0.067383 1.325195 0.070312 1.332031 0.070312 1.338867 0.076172 1.346680 0.087891 1.345703 0.096680 1.356445 0.095703 1.361328 0.097656 1.360352 0.096680 1.361328 0.095703 1.365234 0.095703 1.367188 0.100586 1.400391 0.100586 1.400391 0.096680 1.396484 0.093750 1.395508 0.096680 1.393555 0.095703 1.394531 0.089844 1.391602 0.088867 1.392578 0.087891 1.391602 0.085938 1.390625 0.086914 1.392578 0.087891 1.391602 0.088867 1.392578 0.089844 1.389648 0.090820 1.386719 0.083984 1.382812 0.080078 1.381836 0.070312 1.382812 0.067383 1.378906 0.059570 1.356445 0.042969 1.360352 0.040039 1.355469 0.040039 1.349609 0.033203 1.346680 0.026367 1.347656 0.022461 1.346680 0.019531 1.349609 0.018555 1.350586 0.020508 1.356445 0.018555 1.360352 0.014648 1.361328 0.007812 1.362305 0.008789 1.366211 0.006836 1.367188 0.009766 1.369141 0.009766 1.370117 0.007812 1.375000 0.008789 1.377930 0.006836 1.378906 0.002930 1.381836 0.000000 1.328125 0.000000 1.328125 0.001953 1.332031 0.004883 1.335938 0.003906 1.340820 0.009766 1.339844 0.010742 1.341797 0.008789 1.343750 0.010742 1.341797 0.013672 1.326172 0.011719 1.323242 0.014648 1.322266 0.008789 1.315430 0.004883 1.314453 0.002930 1.312500 0.002930 1.311523 0.000000
1 0.570312 0.000000 0.570312 0.000977 0.571289 0.001953 0.572266 0.001953 0.573242 0.000977 0.577148 0.003906 0.576172 0.004883 0.575195 0.004883 0.575195 0.005859 0.574219 0.006836 0.573242 0.005859 0.573242 0.006836 0.574219 0.007812 0.578125 0.007812 0.578125 0.006836 0.579102 0.005859 0.582031 0.008789 0.582031 0.009766 0.583008 0.009766 0.583984 0.010742 0.584961 0.013672 0.586914 0.015625 0.586914 0.017578 0.587891 0.018555 0.587891 0.024414 0.586914 0.025391 0.585938 0.024414 0.585938 0.023438 0.584961 0.024414 0.583984 0.023438 0.582031 0.023438 0.582031 0.024414 0.583008 0.025391 0.583008 0.027344 0.584961 0.029297 0.584961 0.030273 0.585938 0.030273 0.588867 0.032227 0.587891 0.033203 0.587891 0.034180 0.588867 0.035156 0.588867 0.041016 0.589844 0.041992 0.589844 0.047852 0.590820 0.048828 0.590820 0.055664 0.591797 0.055664 0.594727 0.058594 0.594727 0.060547 0.595703 0.061523 0.596680 0.064453 0.598633 0.066406 0.600586 0.071289 0.602539 0.073242 0.602539 0.075195 0.605469 0.078125 0.606445 0.081055 0.607422 0.081055 0.608398 0.082031 0.608398 0.083008 0.609375 0.083984 0.608398 0.088867 0.609375 0.088867 0.613281 0.093750 0.618164 0.093750 0.619141 0.092773 0.621094 0.092773 0.622070 0.093750 0.625000 0.094727 0.626953 0.096680 0.631836 0.098633 0.631836 0.097656 0.632812 0.096680 0.633789 0.096680 0.633789 0.092773 0.630859 0.089844 0.632812 0.087891 0.633789 0.087891 0.633789 0.085938 0.634766 0.084961 0.634766 0.081055 0.635742 0.080078 0.636719 0.081055 0.637695 0.081055 0.638672 0.080078 0.638672 0.079102 0.640625 0.077148 0.641602 0.077148 0.641602 0.075195 0.644531 0.072266 0.644531 0.069336 0.646484 0.067383 0.648438 0.067383 0.649414 0.066406 0.650391 0.067383 0.654297 0.067383 0.654297 0.063477 0.653320 0.062500 0.653320 0.061523 0.652344 0.060547 0.650391 0.060547 0.647461 0.057617 0.647461 0.056641 0.646484 0.056641 0.645508 0.055664 0.644531 0.056641 0.643555 0.056641 0.643555 0.057617 0.642578 0.058594 0.641602 0.058594 0.641602 0.059570 0.640625 0.060547 0.639648 0.060547 0.636719 0.062500 0.633789 0.062500 0.633789 0.063477 0.632812 0.064453 0.631836 0.064453 0.630859 0.063477 0.631836 0.062500 0.631836 0.061523 0.630859 0.060547 0.626953 0.060547 0.625000 0.057617 0.625977 0.056641 0.625977 0.053711 0.627930 0.050781 0.625000 0.046875 0.625000 0.041016 0.624023 0.040039 0.624023 0.036133 0.623047 0.035156 0.623047 0.034180 0.631836 0.026367 0.632812 0.027344 0.632812 0.028320 0.631836 0.029297 0.631836 0.031250 0.633789 0.033203 0.634766 0.033203 0.634766 0.031250 0.635742 0.030273 0.635742 0.027344 0.633789 0.024414 0.634766 0.023438 0.634766 0.016602 0.635742 0.015625 0.635742 0.014648 0.634766 0.013672 0.634766 0.012695 0.635742 0.011719 0.634766 0.010742 0.634766 0.006836 0.633789 0.005859 0.633789 0.004883 0.630859 0.002930 0.629883 0.003906 0.627930 0.000977 0.628906 0.000000 0.616211 0.000000 0.615234 0.000977 0.614258 0.000000