2 0.519531 0.872070 0.517578 0.872070 0.516602 0.873047 0.514648 0.873047 0.513672 0.872070 0.513672 0.900391 0.513672 0.899414 0.514648 0.898438 0.515625 0.898438 0.515625 0.896484 0.516602 0.895508 0.516602 0.894531 0.520508 0.890625 0.520508 0.875000 0.519531 0.874023 0.520508 0.873047
2 0.482422 0.825195 0.482422 0.833008 0.483398 0.833984 0.483398 0.880859 0.485352 0.880859 0.486328 0.881836 0.489258 0.881836 0.489258 0.831055 0.487305 0.829102 0.486328 0.829102
2 0.618164 0.818359 0.618164 0.837891 0.619141 0.838867 0.619141 0.873047 0.620117 0.874023 0.620117 0.869141 0.619141 0.868164 0.619141 0.822266 0.618164 0.821289
2 0.458008 0.815430 0.457031 0.816406 0.453125 0.816406 0.452148 0.817383 0.452148 0.828125 0.453125 0.829102 0.453125 0.864258 0.454102 0.864258 0.455078 0.865234 0.455078 0.866211 0.457031 0.868164 0.458984 0.868164 0.458984 0.818359 0.458008 0.817383
2 0.612305 0.812500 0.611328 0.813477 0.611328 0.858398 0.612305 0.859375 0.612305 0.863281
2 0.610352 0.647461 0.610352 0.697266 0.610352 0.695312 0.611328 0.694336 0.611328 0.677734 0.610352 0.676758
2 0.451172 0.645508 0.451172 0.700195 0.452148 0.700195 0.453125 0.699219 0.454102 0.699219 0.457031 0.696289 0.457031 0.656250 0.456055 0.655273 0.456055 0.652344 0.454102 0.650391 0.454102 0.649414 0.453125 0.648438 0.453125 0.647461
2 0.426758 0.608398 0.424805 0.610352 0.424805 0.611328 0.423828 0.612305 0.423828 0.613281 0.422852 0.614258 0.422852 0.616211 0.419922 0.619141 0.419922 0.642578 0.420898 0.643555 0.420898 0.700195 0.421875 0.700195 0.424805 0.703125 0.425781 0.703125 0.427734 0.705078 0.427734 0.645508 0.426758 0.644531
2 0.603516 0.607422 0.603516 0.613281 0.602539 0.614258 0.602539 0.678711 0.603516 0.679688 0.603516 0.702148 0.604492 0.703125 0.604492 0.704102 0.604492 0.688477 0.603516 0.687500
2 0.615234 0.416016 0.615234 0.457031 0.616211 0.458008 0.616211 0.458984 0.616211 0.430664 0.615234 0.429688
2 0.622070 0.410156 0.622070 0.487305 0.623047 0.488281 0.623047 0.493164 0.623047 0.432617 0.622070 0.431641
2 0.484375 0.409180 0.484375 0.411133 0.483398 0.412109 0.483398 0.414062 0.482422 0.415039 0.482422 0.416992 0.480469 0.418945 0.480469 0.419922 0.479492 0.420898 0.479492 0.456055 0.483398 0.456055 0.485352 0.458008 0.485352 0.458984 0.485352 0.409180
2 0.509766 0.405273 0.509766 0.487305 0.511719 0.487305 0.512695 0.488281 0.512695 0.490234 0.514648 0.492188 0.514648 0.493164 0.515625 0.493164 0.515625 0.491211 0.516602 0.490234 0.516602 0.435547 0.515625 0.434570 0.515625 0.407227 0.514648 0.406250 0.512695 0.406250 0.511719 0.405273