1 1.544922 1.038086 1.543945 1.039062 1.543945 1.040039 1.542969 1.041016 1.542969 1.042969 1.541992 1.043945 1.541992 1.044922 1.542969 1.045898 1.542969 1.046875 1.543945 1.046875 1.544922 1.047852 1.544922 1.053711 1.550781 1.053711 1.550781 1.050781 1.551758 1.049805 1.551758 1.048828 1.552734 1.047852 1.551758 1.046875 1.551758 1.043945 1.549805 1.041992 1.549805 1.039062 1.548828 1.039062 1.547852 1.038086
1 0.821289 1.036133 0.821289 1.037109 0.820312 1.038086 0.820312 1.039062 0.820312 1.038086 0.821289 1.037109 0.823242 1.039062 0.823242 1.040039 0.821289 1.041992 0.821289 1.044922 0.822266 1.045898 0.822266 1.050781 0.823242 1.051758 0.823242 1.052734 0.824219 1.053711 0.834961 1.053711 0.834961 1.052734 0.833984 1.051758 0.834961 1.050781 0.834961 1.048828 0.833984 1.047852 0.833984 1.045898 0.833008 1.044922 0.833008 1.041992 0.832031 1.041016 0.832031 1.039062 0.831055 1.040039 0.830078 1.039062 0.828125 1.041016 0.827148 1.041016 0.826172 1.040039 0.826172 1.038086 0.824219 1.040039 0.823242 1.039062 0.823242 1.036133
1 0.848633 1.022461 0.848633 1.047852 0.849609 1.048828 0.849609 1.053711 0.867188 1.053711 0.866211 1.053711 0.864258 1.051758 0.864258 1.049805 0.863281 1.048828 0.863281 1.041016 0.862305 1.040039 0.862305 1.038086 0.863281 1.037109 0.864258 1.037109 0.865234 1.036133 0.865234 1.034180 0.864258 1.033203 0.863281 1.033203 0.862305 1.032227 0.862305 1.029297 0.861328 1.028320 0.861328 1.027344 0.860352 1.026367 0.860352 1.025391 0.858398 1.025391 0.857422 1.024414 0.854492 1.024414 0.853516 1.023438 0.851562 1.023438 0.850586 1.022461
1 0.893555 1.018555 0.892578 1.019531 0.891602 1.019531 0.891602 1.020508 0.892578 1.021484 0.892578 1.025391 0.890625 1.027344 0.889648 1.027344 0.889648 1.032227 0.890625 1.032227 0.891602 1.033203 0.893555 1.033203 0.894531 1.034180 0.894531 1.031250 0.897461 1.028320 0.898438 1.028320 0.897461 1.027344 0.897461 1.022461 0.896484 1.021484 0.895508 1.021484 0.894531 1.020508 0.894531 1.018555
1 1.000977 0.994141 1.000977 0.999023 1.001953 1.000000 1.003906 1.000000 1.004883 1.000977 1.003906 1.001953 1.004883 1.000977 1.005859 1.001953 1.005859 1.002930 1.006836 1.003906 1.008789 1.001953 1.010742 1.003906 1.011719 1.003906 1.011719 1.002930 1.012695 1.001953 1.012695 0.999023 1.011719 0.998047 1.012695 0.997070 1.010742 0.997070 1.009766 0.996094 1.006836 0.996094 1.005859 0.995117 1.001953 0.995117
1 1.430664 0.940430 1.430664 0.942383 1.429688 0.943359 1.429688 0.944336 1.428711 0.945312 1.428711 0.948242 1.427734 0.949219 1.427734 0.950195 1.426758 0.951172 1.426758 0.952148 1.427734 0.953125 1.427734 0.954102 1.428711 0.955078 1.428711 0.956055 1.430664 0.956055 1.431641 0.957031 1.432617 0.957031 1.433594 0.956055 1.434570 0.956055 1.435547 0.955078 1.436523 0.955078 1.437500 0.954102 1.437500 0.953125 1.438477 0.952148 1.438477 0.950195 1.435547 0.947266 1.435547 0.946289 1.434570 0.945312 1.434570 0.943359 1.433594 0.943359 1.432617 0.942383 1.431641 0.942383 1.430664 0.941406
1 1.038086 0.865234 1.036133 0.867188 1.035156 0.867188 1.036133 0.868164 1.035156 0.869141 1.034180 0.869141 1.035156 0.870117 1.035156 0.874023 1.033203 0.875977 1.032227 0.875000 1.032227 0.875977 1.033203 0.876953 1.033203 0.884766 1.035156 0.886719 1.036133 0.885742 1.037109 0.886719 1.037109 0.887695 1.038086 0.887695 1.039062 0.888672 1.039062 0.882812 1.040039 0.881836 1.040039 0.875977 1.041016 0.875000 1.041016 0.870117 1.039062 0.868164 1.039062 0.866211
1 1.074219 0.805664 1.073242 0.806641 1.073242 0.807617 1.072266 0.808594 1.071289 0.808594 1.071289 0.809570 1.070312 0.810547 1.070312 0.811523 1.071289 0.811523 1.072266 0.812500 1.071289 0.813477 1.075195 0.817383 1.075195 0.818359 1.076172 0.818359 1.078125 0.816406 1.078125 0.811523 1.076172 0.809570 1.076172 0.806641 1.075195 0.805664
1 1.079102 0.785156 1.079102 0.786133 1.078125 0.787109 1.078125 0.788086 1.077148 0.789062 1.077148 0.790039 1.076172 0.791016 1.076172 0.791992 1.077148 0.792969 1.077148 0.798828 1.077148 0.797852 1.078125 0.796875 1.079102 0.797852 1.079102 0.798828 1.081055 0.798828 1.083008 0.796875 1.083008 0.792969 1.082031 0.791992 1.082031 0.791016 1.081055 0.790039 1.081055 0.789062 1.079102 0.787109
1 1.017578 0.775391 1.018555 0.776367 1.017578 0.777344 1.017578 0.778320 1.016602 0.779297 1.016602 0.780273 1.015625 0.781250 1.015625 0.786133 1.016602 0.787109 1.016602 0.788086 1.017578 0.788086 1.018555 0.789062 1.018555 0.790039 1.020508 0.790039 1.021484 0.791016 1.021484 0.793945 1.020508 0.794922 1.020508 0.796875 1.021484 0.797852 1.022461 0.797852 1.025391 0.800781 1.026367 0.800781 1.027344 0.799805 1.028320 0.800781 1.029297 0.799805 1.029297 0.794922 1.028320 0.793945 1.029297 0.792969 1.029297 0.791016 1.030273 0.790039 1.031250 0.790039 1.031250 0.789062 1.030273 0.789062 1.029297 0.788086 1.029297 0.783203 1.027344 0.781250 1.025391 0.781250 1.024414 0.780273 1.024414 0.776367 1.018555 0.776367
1 0.911133 0.760742 0.912109 0.761719 0.913086 0.761719 0.915039 0.763672 0.917969 0.763672 0.919922 0.761719 0.921875 0.761719 0.922852 0.762695 0.922852 0.765625 0.923828 0.765625 0.924805 0.766602 0.925781 0.765625 0.926758 0.765625 0.927734 0.766602 0.927734 0.767578 0.928711 0.768555 0.929688 0.768555 0.930664 0.769531 0.930664 0.770508 0.932617 0.768555 0.932617 0.767578 0.933594 0.766602 0.934570 0.767578 0.935547 0.767578 0.936523 0.768555 0.937500 0.767578 0.938477 0.768555 0.940430 0.766602 0.941406 0.767578 0.941406 0.769531 0.942383 0.769531 0.943359 0.768555 0.944336 0.768555 0.945312 0.769531 0.945312 0.770508 0.946289 0.771484 0.947266 0.771484 0.948242 0.770508 0.949219 0.771484 0.950195 0.771484 0.951172 0.770508 0.952148 0.771484 0.953125 0.771484 0.953125 0.764648 0.947266 0.764648 0.946289 0.763672 0.937500 0.763672 0.936523 0.762695 0.928711 0.762695 0.927734 0.761719 0.918945 0.761719 0.917969 0.760742
1 1.232422 0.709961 1.231445 0.712891 1.219727 0.710938 1.218750 0.713867 1.213867 0.712891 1.208984 0.715820 1.208008 0.713867 1.202148 0.714844 1.204102 0.750000 1.203125 0.751953 1.204102 0.750000 1.206055 0.751953 1.205078 0.753906 1.207031 0.752930 1.211914 0.758789 1.212891 0.765625 1.210938 0.768555 1.211914 0.772461 1.209961 0.774414 1.208984 0.771484 1.207031 0.774414 1.209961 0.776367 1.208984 0.778320 1.204102 0.782227 1.207031 0.940430 1.206055 0.941406 1.200195 0.940430 1.199219 0.936523 1.197266 0.935547 1.196289 0.937500 1.198242 0.947266 1.196289 0.948242 1.197266 0.955078 1.200195 0.956055 1.204102 0.955078 1.205078 0.956055 1.203125 0.958008 1.205078 0.958984 1.204102 0.958008 1.205078 0.957031 1.207031 0.958008 1.208008 1.005859 1.213867 1.006836 1.214844 1.002930 1.213867 1.005859 1.211914 1.004883 1.211914 0.998047 1.212891 0.997070 1.213867 0.998047 1.212891 0.997070 1.213867 0.987305 1.211914 0.986328 1.212891 0.985352 1.210938 0.984375 1.213867 0.982422 1.216797 0.983398 1.218750 0.981445 1.222656 0.984375 1.226562 0.997070 1.231445 0.997070 1.235352 0.992188 1.235352 0.983398 1.231445 0.980469 1.230469 0.972656 1.226562 0.967773 1.228516 0.965820 1.227539 0.962891 1.234375 0.957031 1.235352 0.958008 1.235352 0.949219 1.229492 0.947266 1.226562 0.949219 1.223633 0.946289 1.222656 0.937500 1.225586 0.936523 1.224609 0.933594 1.233398 0.927734 1.231445 0.913086 1.234375 0.912109 1.234375 0.907227 1.239258 0.906250 1.238281 0.904297 1.239258 0.903320 1.242188 0.904297 1.243164 0.902344 1.245117 0.905273 1.251953 0.893555 1.251953 0.878906 1.250000 0.872070 1.250977 0.871094 1.249023 0.870117 1.247070 0.871094 1.245117 0.867188 1.247070 0.865234 1.249023 0.866211 1.255859 0.856445 1.253906 0.851562 1.254883 0.839844 1.258789 0.836914 1.259766 0.833984 1.261719 0.833008 1.262695 0.833984 1.263672 0.825195 1.258789 0.822266 1.259766 0.817383 1.258789 0.813477 1.262695 0.812500 1.263672 0.810547 1.261719 0.808594 1.263672 0.807617 1.266602 0.811523 1.266602 0.818359 1.271484 0.820312 1.270508 0.817383 1.272461 0.807617 1.273438 0.806641 1.275391 0.808594 1.276367 0.806641 1.274414 0.805664 1.275391 0.800781 1.272461 0.790039 1.271484 0.791016 1.263672 0.789062 1.261719 0.791016 1.257812 0.785156 1.258789 0.774414 1.256836 0.772461 1.255859 0.766602 1.259766 0.760742 1.263672 0.760742 1.265625 0.763672 1.267578 0.760742 1.266602 0.754883 1.265625 0.755859 1.262695 0.749023 1.263672 0.746094 1.262695 0.737305 1.260742 0.735352 1.258789 0.736328 1.256836 0.729492 1.255859 0.730469 1.252930 0.727539 1.250977 0.727539 1.250000 0.724609 1.241211 0.719727 1.238281 0.714844 1.232422 0.711914
1 1.874023 0.625977 1.873047 0.626953 1.873047 0.627930 1.870117 0.630859 1.870117 0.632812 1.869141 0.633789 1.869141 0.636719 1.868164 0.637695 1.868164 0.638672 1.869141 0.639648 1.869141 0.642578 1.867188 0.644531 1.866211 0.644531 1.864258 0.642578 1.864258 0.641602 1.862305 0.639648 1.862305 0.651367 1.863281 0.652344 1.867188 0.648438 1.867188 0.645508 1.868164 0.644531 1.869141 0.644531 1.870117 0.645508 1.870117 0.646484 1.871094 0.645508 1.872070 0.646484 1.872070 0.647461 1.874023 0.645508
1 0.868164 0.591797 0.869141 0.594727 0.867188 0.595703 0.865234 0.593750 0.862305 0.597656 0.863281 0.599609 0.858398 0.603516 0.856445 0.603516 0.855469 0.601562 0.854492 0.604492 0.852539 0.601562 0.849609 0.602539 0.847656 0.600586 0.846680 0.601562 0.843750 0.601562 0.842773 0.599609 0.840820 0.602539 0.840820 0.618164 0.841797 0.619141 0.841797 0.671875 0.842773 0.672852 0.842773 0.688477 0.844727 0.687500 0.845703 0.688477 0.845703 0.691406 0.847656 0.695312 0.846680 0.698242 0.847656 0.699219 0.846680 0.700195 0.847656 0.705078 0.845703 0.708008 0.846680 0.715820 0.848633 0.719727 0.847656 0.721680 0.849609 0.720703 0.852539 0.722656 0.853516 0.724609 0.854492 0.723633 0.856445 0.724609 0.857422 0.723633 0.857422 0.720703 0.860352 0.719727 0.862305 0.724609 0.862305 0.728516 0.861328 0.729492 0.860352 0.728516 0.860352 0.730469 0.861328 0.729492 0.862305 0.730469 0.862305 0.735352 0.861328 0.736328 0.860352 0.733398 0.860352 0.738281 0.863281 0.746094 0.860352 0.750000 0.860352 0.751953 0.863281 0.756836 0.861328 0.759766 0.860352 0.758789 0.860352 0.764648 0.862305 0.767578 0.861328 0.771484 0.863281 0.774414 0.864258 0.784180 0.866211 0.788086 0.865234 0.790039 0.864258 0.789062 0.868164 0.791992 0.868164 0.794922 0.867188 0.795898 0.869141 0.797852 0.869141 0.800781 0.872070 0.803711 0.871094 0.806641 0.872070 0.809570 0.875977 0.814453 0.876953 0.822266 0.878906 0.822266 0.880859 0.818359 0.879883 0.816406 0.883789 0.813477 0.885742 0.814453 0.884766 0.809570 0.886719 0.806641 0.887695 0.807617 0.887695 0.805664 0.885742 0.803711 0.886719 0.802734 0.885742 0.800781 0.887695 0.798828 0.890625 0.803711 0.890625 0.802734 0.892578 0.801758 0.892578 0.796875 0.895508 0.793945 0.896484 0.795898 0.896484 0.791992 0.894531 0.789062 0.896484 0.785156 0.895508 0.781250 0.896484 0.780273 0.897461 0.781250 0.898438 0.779297 0.897461 0.774414 0.900391 0.769531 0.899414 0.766602 0.903320 0.763672 0.903320 0.762695 0.901367 0.761719 0.901367 0.759766 0.906250 0.756836 0.906250 0.726562 0.905273 0.725586 0.906250 0.724609 0.906250 0.721680 0.905273 0.720703 0.906250 0.719727 0.905273 0.718750 0.905273 0.683594 0.904297 0.682617 0.904297 0.677734 0.905273 0.676758 0.905273 0.668945 0.904297 0.666016 0.905273 0.665039 0.904297 0.664062 0.904297 0.629883 0.903320 0.628906 0.904297 0.627930 0.904297 0.620117 0.903320 0.619141 0.904297 0.618164 0.903320 0.617188 0.904297 0.616211 0.904297 0.612305 0.903320 0.611328 0.903320 0.607422 0.901367 0.609375 0.899414 0.609375 0.899414 0.611328 0.897461 0.612305 0.893555 0.617188 0.889648 0.619141 0.886719 0.624023 0.882812 0.621094 0.883789 0.620117 0.882812 0.618164 0.883789 0.614258 0.881836 0.616211 0.878906 0.610352 0.878906 0.606445 0.879883 0.605469 0.878906 0.604492 0.878906 0.601562 0.876953 0.602539 0.875977 0.601562 0.875000 0.602539 0.873047 0.597656
1 0.826172 0.559570 0.825195 0.560547 0.824219 0.560547 0.824219 0.561523 0.823242 0.562500 0.823242 0.564453 0.822266 0.565430 0.823242 0.566406 0.823242 0.568359 0.824219 0.569336 0.824219 0.570312 0.825195 0.571289 0.825195 0.573242 0.826172 0.574219 0.826172 0.575195 0.827148 0.576172 0.827148 0.574219 0.828125 0.573242 0.828125 0.572266 0.829102 0.571289 0.829102 0.570312 0.830078 0.569336 0.830078 0.568359 0.831055 0.567383 0.831055 0.565430 0.832031 0.564453 0.832031 0.562500 0.830078 0.560547 0.828125 0.560547 0.827148 0.561523 0.826172 0.560547
1 1.046875 0.542969 1.047852 0.582031 1.059570 0.576172 1.073242 0.591797 1.070312 0.595703 1.064453 0.594727 1.063477 0.604492 1.058594 0.612305 1.057617 0.629883 1.053711 0.635742 1.048828 0.635742 1.051758 0.774414 1.035156 0.773438 1.034180 0.782227 1.037109 0.783203 1.039062 0.798828 1.043945 0.806641 1.041992 0.819336 1.044922 0.828125 1.035156 0.826172 1.031250 0.833008 1.024414 0.834961 1.023438 0.839844 1.027344 0.849609 1.033203 0.851562 1.037109 0.843750 1.044922 0.854492 1.042969 0.870117 1.047852 0.874023 1.047852 0.879883 1.049805 0.876953 1.049805 0.886719 1.041992 0.889648 1.039062 0.902344 1.050781 0.910156 1.052734 0.907227 1.050781 0.902344 1.056641 0.905273 1.065430 0.900391 1.067383 0.896484 1.064453 0.891602 1.067383 0.882812 1.065430 0.871094 1.072266 0.868164 1.073242 0.871094 1.078125 0.867188 1.080078 0.854492 1.073242 0.852539 1.071289 0.842773 1.067383 0.841797 1.061523 0.832031 1.066406 0.813477 1.056641 0.802734 1.054688 0.793945 1.056641 0.785156 1.053711 0.778320 1.056641 0.776367 1.054688 0.769531 1.056641 0.767578 1.058594 0.769531 1.061523 0.760742 1.067383 0.759766 1.068359 0.762695 1.076172 0.765625 1.078125 0.781250 1.083984 0.783203 1.084961 0.790039 1.090820 0.794922 1.087891 0.802734 1.090820 0.812500 1.089844 0.828125 1.092773 0.830078 1.090820 0.833984 1.093750 0.841797 1.092773 0.849609 1.097656 0.860352 1.097656 0.870117 1.102539 0.876953 1.102539 0.885742 1.097656 0.889648 1.091797 0.882812 1.093750 0.875000 1.090820 0.864258 1.083984 0.864258 1.083984 0.868164 1.081055 0.868164 1.085938 0.890625 1.082031 0.891602 1.083008 0.901367 1.089844 0.909180 1.088867 0.916016 1.096680 0.919922 1.109375 0.937500 1.101562 0.945312 1.099609 0.944336 1.090820 0.920898 1.084961 0.918945 1.080078 0.932617 1.082031 0.948242 1.084961 0.949219 1.085938 0.956055 1.092773 0.960938 1.094727 0.981445 1.117188 0.986328 1.110352 0.966797 1.117188 0.969727 1.123047 0.966797 1.131836 0.981445 1.131836 0.989258 1.135742 0.990234 1.127930 0.541016
1 1.229492 0.539062 1.199219 0.539062 1.199219 0.576172 1.200195 0.577148 1.200195 0.625977 1.201172 0.626953 1.201172 0.675781 1.202148 0.676758 1.202148 0.701172 1.204102 0.698242 1.207031 0.699219 1.209961 0.697266 1.216797 0.690430 1.217773 0.690430 1.219727 0.687500 1.220703 0.688477 1.222656 0.687500 1.222656 0.683594 1.227539 0.679688 1.229492 0.675781 1.230469 0.677734 1.232422 0.677734 1.233398 0.676758 1.233398 0.674805 1.234375 0.673828 1.235352 0.675781 1.237305 0.672852 1.237305 0.670898 1.238281 0.669922 1.238281 0.662109 1.239258 0.661133 1.239258 0.655273 1.238281 0.654297 1.237305 0.649414 1.239258 0.645508 1.241211 0.646484 1.241211 0.645508 1.239258 0.644531 1.240234 0.643555 1.242188 0.643555 1.243164 0.642578 1.247070 0.643555 1.248047 0.642578 1.250977 0.644531 1.250000 0.645508 1.251953 0.648438 1.253906 0.649414 1.254883 0.648438 1.260742 0.649414 1.260742 0.647461 1.261719 0.646484 1.262695 0.646484 1.263672 0.648438 1.265625 0.647461 1.267578 0.648438 1.268555 0.647461 1.271484 0.648438 1.274414 0.646484 1.273438 0.645508 1.274414 0.644531 1.286133 0.644531 1.287109 0.643555 1.292969 0.644531 1.294922 0.642578 1.294922 0.635742 1.295898 0.634766 1.295898 0.628906 1.294922 0.627930 1.294922 0.619141 1.295898 0.618164 1.294922 0.600586 1.291992 0.599609 1.289062 0.604492 1.286133 0.615234 1.284180 0.618164 1.286133 0.621094 1.281250 0.623047 1.278320 0.621094 1.278320 0.625977 1.274414 0.631836 1.272461 0.629883 1.271484 0.633789 1.268555 0.636719 1.267578 0.635742 1.268555 0.633789 1.265625 0.629883 1.265625 0.625977 1.264648 0.624023 1.262695 0.623047 1.262695 0.621094 1.260742 0.620117 1.260742 0.616211 1.259766 0.614258 1.256836 0.612305 1.256836 0.607422 1.253906 0.607422 1.252930 0.608398 1.251953 0.607422 1.251953 0.603516 1.250977 0.603516 1.249023 0.600586 1.250000 0.598633 1.248047 0.594727 1.248047 0.589844 1.249023 0.588867 1.248047 0.584961 1.250000 0.583984 1.249023 0.580078 1.251953 0.577148 1.251953 0.571289 1.243164 0.567383 1.240234 0.561523 1.239258 0.562500 1.236328 0.562500 1.235352 0.561523 1.233398 0.561523 1.232422 0.560547 1.233398 0.559570 1.231445 0.557617 1.230469 0.559570 1.228516 0.558594 1.229492 0.556641 1.227539 0.553711 1.228516 0.548828 1.226562 0.547852 1.227539 0.546875 1.226562 0.545898 1.226562 0.543945 1.227539 0.542969 1.229492 0.542969 1.228516 0.541992 1.229492 0.541016
1 1.253906 0.538086 1.240234 0.538086 1.238281 0.540039 1.237305 0.540039 1.236328 0.541016 1.236328 0.542969 1.237305 0.543945 1.237305 0.544922 1.236328 0.545898 1.236328 0.548828 1.237305 0.549805 1.237305 0.550781 1.237305 0.546875 1.236328 0.545898 1.237305 0.544922 1.237305 0.543945 1.238281 0.542969 1.239258 0.543945 1.239258 0.551758 1.240234 0.552734 1.240234 0.553711 1.241211 0.554688 1.241211 0.555664 1.242188 0.554688 1.244141 0.554688 1.245117 0.555664 1.246094 0.555664 1.246094 0.552734 1.247070 0.551758 1.249023 0.551758 1.250000 0.550781 1.250000 0.549805 1.250977 0.548828 1.250977 0.546875 1.251953 0.545898 1.251953 0.544922 1.252930 0.543945 1.252930 0.541992 1.253906 0.541016
1 1.647461 0.529297 1.517578 0.532227 1.522461 0.824219 1.463867 0.817383 1.459961 0.824219 1.458984 0.831055 1.462891 0.831055 1.459961 0.844727 1.470703 0.854492 1.470703 0.859375 1.473633 0.860352 1.470703 0.865234 1.466797 0.861328 1.463867 0.863281 1.464844 0.858398 1.451172 0.835938 1.447266 0.835938 1.446289 0.848633 1.441406 0.854492 1.439453 0.850586 1.433594 0.851562 1.430664 0.848633 1.425781 0.850586 1.419922 0.842773 1.424805 0.837891 1.424805 0.828125 1.419922 0.825195 1.414062 0.812500 1.380859 0.808594 1.375977 0.810547 1.371094 0.807617 1.342773 0.804688 1.335938 0.808594 1.341797 0.812500 1.350586 0.810547 1.355469 0.816406 1.375000 0.822266 1.375977 0.820312 1.375000 0.828125 1.384766 0.836914 1.392578 0.849609 1.398438 0.848633 1.404297 0.852539 1.414062 0.875977 1.419922 0.876953 1.437500 0.902344 1.437500 0.909180 1.432617 0.916016 1.433594 0.930664 1.437500 0.932617 1.444336 0.945312 1.446289 0.942383 1.453125 0.945312 1.458008 0.954102 1.471680 0.957031 1.472656 0.955078 1.473633 0.958984 1.477539 0.960938 1.481445 0.958984 1.486328 0.962891 1.494141 0.978516 1.493164 0.987305 1.501953 0.993164 1.500977 0.997070 1.505859 1.006836 1.510742 1.006836 1.516602 1.015625 1.513672 1.020508 1.516602 1.024414 1.516602 1.038086 1.528320 1.050781 1.533203 1.050781 1.535156 1.042969 1.541016 1.041016 1.538086 1.027344 1.542969 1.015625 1.549805 1.012695 1.559570 1.021484 1.564453 1.037109 1.578125 1.053711 1.658203 1.053711
1 1.865234 0.528320 1.865234 0.530273 1.866211 0.530273 1.867188 0.531250 1.867188 0.533203 1.868164 0.534180 1.870117 0.534180 1.867188 0.531250 1.869141 0.529297 1.868164 0.528320
1 0.900391 0.506836 0.900391 0.507812 0.899414 0.508789 0.899414 0.509766 0.900391 0.510742 0.900391 0.512695 0.901367 0.513672 0.902344 0.513672 0.904297 0.515625 0.904297 0.516602 0.905273 0.517578 0.905273 0.518555 0.906250 0.519531 0.906250 0.520508 0.905273 0.521484 0.904297 0.521484 0.904297 0.522461 0.906250 0.520508 0.907227 0.521484 0.907227 0.522461 0.907227 0.521484 0.906250 0.520508 0.907227 0.519531 0.907227 0.518555 0.908203 0.517578 0.908203 0.513672 0.907227 0.512695 0.907227 0.510742 0.906250 0.511719 0.905273 0.511719 0.904297 0.510742 0.904297 0.509766 0.905273 0.508789 0.903320 0.508789 0.902344 0.507812 0.902344 0.506836
1 0.972656 0.480469 0.973633 0.479492 0.974609 0.479492 0.975586 0.480469 0.975586 0.481445 0.976562 0.481445 0.978516 0.479492 0.978516 0.478516 0.979492 0.477539 0.979492 0.476562 0.973633 0.476562 0.972656 0.477539
1 1.733398 0.401367 1.733398 0.402344 1.734375 0.403320 1.733398 0.404297 1.733398 0.405273 1.734375 0.406250 1.734375 0.408203 1.733398 0.409180 1.733398 0.410156 1.734375 0.411133 1.734375 0.412109 1.735352 0.412109 1.736328 0.411133 1.736328 0.409180 1.737305 0.408203 1.738281 0.408203 1.736328 0.408203 1.735352 0.407227 1.736328 0.406250 1.737305 0.406250 1.736328 0.405273 1.737305 0.404297 1.736328 0.403320 1.736328 0.401367
1 1.852539 0.391602 1.852539 0.395508 1.851562 0.396484 1.852539 0.396484 1.853516 0.397461 1.852539 0.398438 1.853516 0.399414 1.853516 0.403320 1.854492 0.404297 1.854492 0.410156 1.855469 0.411133 1.855469 0.412109 1.853516 0.414062 1.854492 0.413086 1.855469 0.414062 1.855469 0.416992 1.854492 0.417969 1.855469 0.417969 1.856445 0.418945 1.856445 0.419922 1.856445 0.400391 1.855469 0.399414 1.855469 0.395508 1.854492 0.395508 1.853516 0.394531 1.854492 0.393555 1.853516 0.392578 1.853516 0.391602
1 1.755859 0.388672 1.754883 0.389648 1.754883 0.390625 1.753906 0.391602 1.753906 0.393555 1.754883 0.394531 1.753906 0.395508 1.752930 0.395508 1.751953 0.394531 1.751953 0.393555 1.750977 0.392578 1.751953 0.391602 1.751953 0.390625 1.750977 0.390625 1.751953 0.391602 1.750000 0.393555 1.749023 0.393555 1.748047 0.392578 1.748047 0.391602 1.747070 0.390625 1.746094 0.391602 1.746094 0.396484 1.747070 0.397461 1.743164 0.401367 1.742188 0.401367 1.741211 0.402344 1.740234 0.401367 1.740234 0.400391 1.739258 0.399414 1.738281 0.399414 1.739258 0.400391 1.738281 0.401367 1.740234 0.401367 1.741211 0.402344 1.741211 0.403320 1.742188 0.404297 1.742188 0.410156 1.743164 0.411133 1.746094 0.411133 1.747070 0.410156 1.748047 0.411133 1.748047 0.412109 1.747070 0.413086 1.746094 0.413086 1.747070 0.413086 1.748047 0.414062 1.747070 0.415039 1.746094 0.415039 1.746094 0.416992 1.747070 0.417969 1.745117 0.419922 1.745117 0.421875 1.747070 0.423828 1.747070 0.424805 1.746094 0.425781 1.747070 0.424805 1.748047 0.425781 1.748047 0.426758 1.749023 0.425781 1.750000 0.426758 1.750977 0.426758 1.750000 0.426758 1.749023 0.425781 1.750000 0.424805 1.750977 0.424805 1.750000 0.423828 1.750977 0.422852 1.751953 0.422852 1.752930 0.423828 1.752930 0.425781 1.753906 0.426758 1.754883 0.425781 1.756836 0.425781 1.757812 0.424805 1.758789 0.425781 1.759766 0.425781 1.759766 0.423828 1.760742 0.422852 1.760742 0.421875 1.759766 0.420898 1.760742 0.419922 1.760742 0.415039 1.758789 0.415039 1.757812 0.414062 1.758789 0.413086 1.760742 0.413086 1.759766 0.412109 1.760742 0.411133 1.760742 0.398438 1.759766 0.397461 1.759766 0.396484 1.758789 0.395508 1.759766 0.394531 1.759766 0.392578 1.758789 0.392578 1.757812 0.391602 1.758789 0.390625 1.757812 0.389648 1.756836 0.390625 1.755859 0.389648
1 1.239258 0.337891 1.238281 0.338867 1.237305 0.338867 1.236328 0.339844 1.236328 0.340820 1.237305 0.341797 1.237305 0.343750 1.236328 0.344727 1.236328 0.346680 1.235352 0.347656 1.235352 0.350586 1.233398 0.352539 1.233398 0.353516 1.232422 0.354492 1.233398 0.355469 1.233398 0.357422 1.234375 0.358398 1.234375 0.359375 1.235352 0.360352 1.234375 0.361328 1.234375 0.362305 1.235352 0.363281 1.235352 0.366211 1.234375 0.367188 1.234375 0.370117 1.235352 0.371094 1.235352 0.373047 1.234375 0.374023 1.235352 0.375000 1.235352 0.375977 1.234375 0.376953 1.234375 0.377930 1.235352 0.378906 1.235352 0.381836 1.232422 0.384766 1.232422 0.386719 1.233398 0.386719 1.234375 0.387695 1.234375 0.388672 1.236328 0.388672 1.236328 0.386719 1.237305 0.385742 1.237305 0.383789 1.238281 0.382812 1.238281 0.380859 1.239258 0.379883 1.239258 0.377930 1.240234 0.376953 1.241211 0.376953 1.241211 0.375977 1.240234 0.375977 1.239258 0.375000 1.239258 0.373047 1.238281 0.372070 1.238281 0.371094 1.239258 0.370117 1.240234 0.370117 1.241211 0.371094 1.241211 0.374023 1.241211 0.368164 1.239258 0.366211 1.239258 0.360352 1.238281 0.359375 1.239258 0.358398 1.239258 0.353516 1.240234 0.352539 1.240234 0.351562 1.241211 0.350586 1.241211 0.345703 1.242188 0.344727 1.241211 0.343750 1.241211 0.341797 1.240234 0.340820 1.240234 0.339844 1.239258 0.338867
1 1.124023 0.322266 1.124023 0.337891 1.125000 0.338867 1.125000 0.355469 1.125977 0.355469 1.126953 0.354492 1.127930 0.354492 1.128906 0.353516 1.131836 0.353516 1.132812 0.352539 1.133789 0.352539 1.133789 0.349609 1.134766 0.348633 1.134766 0.345703 1.133789 0.344727 1.133789 0.343750 1.132812 0.342773 1.132812 0.336914 1.131836 0.335938 1.131836 0.328125 1.130859 0.327148 1.130859 0.326172 1.129883 0.325195 1.127930 0.325195 1.126953 0.324219 1.125977 0.324219
1 1.093750 0.241211 1.092773 0.241211 1.092773 0.242188 1.091797 0.243164 1.089844 0.243164 1.089844 0.245117 1.088867 0.246094 1.088867 0.248047 1.087891 0.249023 1.087891 0.250977 1.091797 0.247070 1.091797 0.246094 1.093750 0.244141
1 0.798828 0.169922 0.797852 0.170898 0.795898 0.170898 0.794922 0.171875 0.792969 0.171875 0.791992 0.172852 0.791992 0.175781 0.791016 0.176758 0.791016 0.179688 0.790039 0.180664 0.791016 0.179688 0.791992 0.180664 0.791992 0.182617 0.792969 0.183594 0.794922 0.183594 0.794922 0.182617 0.795898 0.181641 0.796875 0.182617 0.796875 0.185547 0.797852 0.186523 0.797852 0.189453 0.801758 0.189453 0.801758 0.188477 0.802734 0.187500 0.802734 0.185547 0.803711 0.184570 0.803711 0.178711 0.804688 0.177734 0.803711 0.176758 0.803711 0.175781 0.802734 0.174805 0.802734 0.173828 0.800781 0.171875 0.799805 0.171875 0.798828 0.170898
1 1.092773 0.145508 1.090820 0.146484 1.088867 0.146484 1.086914 0.150391 1.079102 0.150391 1.078125 0.151367 1.074219 0.151367 1.073242 0.153320 1.073242 0.155273 1.071289 0.157227 1.070312 0.157227 1.068359 0.161133 1.066406 0.162109 1.066406 0.163086 1.062500 0.166992 1.061523 0.166016 1.059570 0.167969 1.059570 0.170898 1.058594 0.171875 1.058594 0.173828 1.056641 0.177734 1.055664 0.178711 1.053711 0.177734 1.051758 0.179688 1.051758 0.184570 1.049805 0.186523 1.049805 0.188477 1.047852 0.190430 1.047852 0.192383 1.046875 0.193359 1.046875 0.196289 1.045898 0.197266 1.045898 0.200195 1.044922 0.201172 1.044922 0.211914 1.045898 0.212891 1.045898 0.217773 1.048828 0.216797 1.051758 0.213867 1.053711 0.212891 1.055664 0.212891 1.056641 0.211914 1.058594 0.211914 1.059570 0.210938 1.060547 0.211914 1.060547 0.213867 1.064453 0.213867 1.065430 0.214844 1.067383 0.214844 1.068359 0.213867 1.069336 0.214844 1.069336 0.217773 1.072266 0.221680 1.072266 0.227539 1.073242 0.228516 1.076172 0.225586 1.077148 0.226562 1.077148 0.228516 1.079102 0.230469 1.079102 0.232422 1.082031 0.238281 1.082031 0.240234 1.083984 0.240234 1.083984 0.238281 1.086914 0.235352 1.086914 0.232422 1.087891 0.230469 1.085938 0.229492 1.085938 0.227539 1.084961 0.226562 1.084961 0.220703 1.082031 0.216797 1.082031 0.214844 1.081055 0.213867 1.081055 0.208984 1.085938 0.204102 1.086914 0.204102 1.087891 0.201172 1.091797 0.197266 1.092773 0.195312 1.100586 0.202148 1.099609 0.204102 1.101562 0.203125 1.105469 0.207031 1.106445 0.208984 1.104492 0.209961 1.104492 0.218750 1.106445 0.215820 1.107422 0.216797 1.107422 0.219727 1.108398 0.220703 1.108398 0.222656 1.110352 0.224609 1.112305 0.223633 1.112305 0.219727 1.114258 0.218750 1.115234 0.219727 1.114258 0.220703 1.115234 0.221680 1.115234 0.230469 1.116211 0.232422 1.117188 0.231445 1.118164 0.232422 1.118164 0.234375 1.120117 0.232422 1.121094 0.232422 1.121094 0.186523 1.120117 0.185547 1.120117 0.163086 1.119141 0.163086 1.117188 0.161133 1.117188 0.160156 1.114258 0.157227 1.113281 0.157227 1.111328 0.159180 1.110352 0.159180 1.110352 0.162109 1.111328 0.163086 1.110352 0.165039 1.106445 0.167969 1.102539 0.165039 1.102539 0.161133 1.101562 0.160156 1.101562 0.157227 1.103516 0.155273 1.103516 0.154297 1.098633 0.148438 1.093750 0.148438 1.092773 0.147461
1 1.793945 0.126953 1.791992 0.128906 1.793945 0.130859 1.792969 0.131836 1.791992 0.131836 1.791016 0.130859 1.790039 0.131836 1.789062 0.131836 1.789062 0.134766 1.788086 0.135742 1.788086 0.137695 1.789062 0.138672 1.788086 0.139648 1.787109 0.139648 1.787109 0.141602 1.786133 0.142578 1.786133 0.145508 1.787109 0.146484 1.787109 0.148438 1.788086 0.147461 1.789062 0.148438 1.790039 0.148438 1.791016 0.147461 1.790039 0.146484 1.791016 0.145508 1.791992 0.145508 1.792969 0.146484 1.792969 0.145508 1.793945 0.144531 1.794922 0.145508 1.794922 0.146484 1.795898 0.146484 1.796875 0.147461 1.795898 0.148438 1.796875 0.149414 1.796875 0.150391 1.797852 0.151367 1.798828 0.151367 1.799805 0.150391 1.800781 0.151367 1.802734 0.151367 1.803711 0.152344 1.804688 0.152344 1.805664 0.153320 1.806641 0.152344 1.807617 0.153320 1.808594 0.152344 1.809570 0.153320 1.812500 0.153320 1.811523 0.152344 1.812500 0.151367 1.813477 0.151367 1.813477 0.148438 1.814453 0.147461 1.814453 0.146484 1.813477 0.145508 1.813477 0.138672 1.812500 0.137695 1.812500 0.130859 1.811523 0.129883 1.811523 0.125977 1.810547 0.125000 1.810547 0.123047 1.805664 0.123047 1.804688 0.122070 1.801758 0.125000 1.798828 0.125000 1.798828 0.126953 1.796875 0.128906 1.795898 0.128906 1.794922 0.127930 1.794922 0.126953
1 0.876953 0.107422 0.875000 0.109375 0.875000 0.118164 0.874023 0.119141 0.875000 0.120117 0.875000 0.121094 0.876953 0.119141 0.875977 0.118164 0.876953 0.117188 0.877930 0.117188 0.878906 0.116211 0.878906 0.109375
1 1.858398 0.078125 1.857422 0.079102 1.855469 0.079102 1.854492 0.080078 1.853516 0.080078 1.853516 0.082031 1.852539 0.083008 1.852539 0.083984 1.850586 0.085938 1.849609 0.085938 1.849609 0.091797 1.850586 0.092773 1.850586 0.118164 1.851562 0.118164 1.854492 0.121094 1.853516 0.122070 1.855469 0.124023 1.855469 0.125000 1.856445 0.125977 1.856445 0.126953 1.854492 0.128906 1.854492 0.132812 1.853516 0.133789 1.852539 0.133789 1.852539 0.134766 1.851562 0.135742 1.851562 0.178711 1.852539 0.179688 1.852539 0.217773 1.854492 0.214844 1.860352 0.212891 1.860352 0.211914 1.862305 0.209961 1.862305 0.204102 1.863281 0.203125 1.863281 0.201172 1.865234 0.199219 1.865234 0.196289 1.866211 0.195312 1.866211 0.193359 1.867188 0.192383 1.867188 0.186523 1.868164 0.185547 1.868164 0.184570 1.865234 0.182617 1.866211 0.181641 1.866211 0.176758 1.868164 0.173828 1.869141 0.174805 1.870117 0.174805 1.870117 0.166016 1.871094 0.165039 1.871094 0.163086 1.872070 0.162109 1.872070 0.159180 1.874023 0.156250 1.874023 0.123047 1.873047 0.122070 1.873047 0.121094 1.874023 0.120117 1.874023 0.086914 1.873047 0.085938 1.872070 0.085938 1.872070 0.087891 1.871094 0.088867 1.870117 0.087891 1.867188 0.087891 1.865234 0.085938 1.865234 0.083984 1.864258 0.083008 1.861328 0.082031 1.860352 0.081055 1.860352 0.080078
1 0.846680 0.070312 0.845703 0.071289 0.843750 0.071289 0.842773 0.072266 0.840820 0.072266 0.839844 0.073242 0.837891 0.073242 0.831055 0.076172 0.831055 0.080078 0.832031 0.081055 0.832031 0.133789 0.833008 0.134766 0.833008 0.171875 0.833984 0.172852 0.837891 0.171875 0.839844 0.173828 0.842773 0.174805 0.847656 0.171875 0.849609 0.171875 0.851562 0.169922 0.853516 0.169922 0.859375 0.176758 0.860352 0.176758 0.866211 0.181641 0.868164 0.177734 0.870117 0.175781 0.872070 0.175781 0.872070 0.174805 0.874023 0.172852 0.875977 0.172852 0.877930 0.170898 0.879883 0.166992 0.878906 0.166016 0.873047 0.166992 0.870117 0.164062 0.864258 0.161133 0.863281 0.162109 0.860352 0.159180 0.859375 0.154297 0.860352 0.153320 0.861328 0.155273 0.861328 0.153320 0.859375 0.151367 0.859375 0.150391 0.856445 0.153320 0.855469 0.153320 0.853516 0.151367 0.853516 0.136719 0.851562 0.132812 0.852539 0.126953 0.850586 0.125977 0.850586 0.122070 0.856445 0.115234 0.857422 0.116211 0.857422 0.124023 0.858398 0.125000 0.858398 0.127930 0.860352 0.128906 0.859375 0.129883 0.859375 0.132812 0.858398 0.133789 0.859375 0.135742 0.860352 0.133789 0.861328 0.133789 0.863281 0.135742 0.862305 0.139648 0.865234 0.142578 0.865234 0.144531 0.869141 0.149414 0.871094 0.150391 0.874023 0.150391 0.875977 0.148438 0.876953 0.148438 0.875977 0.146484 0.876953 0.144531 0.877930 0.145508 0.879883 0.145508 0.882812 0.148438 0.882812 0.149414 0.884766 0.149414 0.889648 0.142578 0.893555 0.142578 0.894531 0.140625 0.894531 0.108398 0.893555 0.107422 0.893555 0.108398 0.889648 0.112305 0.886719 0.118164 0.884766 0.119141 0.883789 0.121094 0.881836 0.122070 0.880859 0.121094 0.878906 0.123047 0.878906 0.125000 0.877930 0.125977 0.876953 0.125000 0.875977 0.125977 0.874023 0.124023 0.873047 0.124023 0.871094 0.125977 0.867188 0.121094 0.867188 0.117188 0.868164 0.116211 0.868164 0.114258 0.870117 0.112305 0.869141 0.111328 0.869141 0.108398 0.868164 0.107422 0.868164 0.103516 0.869141 0.102539 0.870117 0.103516 0.870117 0.105469 0.870117 0.103516 0.871094 0.102539 0.870117 0.100586 0.871094 0.096680 0.870117 0.097656 0.869141 0.096680 0.870117 0.094727 0.869141 0.093750 0.868164 0.084961 0.867188 0.084961 0.867188 0.085938 0.865234 0.087891 0.863281 0.091797 0.863281 0.093750 0.861328 0.096680 0.858398 0.093750 0.858398 0.091797 0.856445 0.090820 0.857422 0.089844 0.857422 0.087891 0.855469 0.088867 0.853516 0.086914 0.851562 0.087891 0.848633 0.087891 0.847656 0.086914 0.847656 0.084961 0.849609 0.082031 0.849609 0.074219 0.848633 0.073242 0.848633 0.070312
1 0.865234 0.065430 0.862305 0.065430 0.861328 0.066406 0.859375 0.066406 0.859375 0.069336 0.860352 0.070312 0.861328 0.069336 0.862305 0.069336 0.863281 0.068359 0.863281 0.067383 0.864258 0.066406 0.865234 0.067383
1 0.883789 0.059570 0.880859 0.059570 0.879883 0.060547 0.877930 0.060547 0.876953 0.061523 0.875000 0.061523 0.874023 0.062500 0.871094 0.062500 0.870117 0.063477 0.870117 0.064453 0.869141 0.065430 0.868164 0.065430 0.868164 0.069336 0.869141 0.070312 0.869141 0.075195 0.871094 0.077148 0.870117 0.078125 0.870117 0.080078 0.868164 0.082031 0.868164 0.083008 0.869141 0.083008 0.870117 0.083984 0.870117 0.085938 0.871094 0.085938 0.872070 0.084961 0.873047 0.084961 0.874023 0.083984 0.874023 0.082031 0.875000 0.081055 0.875000 0.074219 0.875977 0.073242 0.875977 0.072266 0.876953 0.071289 0.877930 0.072266 0.881836 0.072266 0.882812 0.073242 0.882812 0.074219 0.881836 0.075195 0.881836 0.076172 0.884766 0.073242 0.884766 0.069336 0.885742 0.068359 0.885742 0.064453 0.884766 0.063477 0.884766 0.061523 0.883789 0.060547
1 0.861328 0.043945 0.859375 0.043945 0.857422 0.045898 0.856445 0.045898 0.854492 0.047852 0.854492 0.054688 0.852539 0.056641 0.853516 0.057617 0.853516 0.060547 0.855469 0.062500 0.856445 0.062500 0.857422 0.061523 0.858398 0.061523 0.858398 0.060547 0.860352 0.058594 0.860352 0.051758 0.861328 0.050781 0.862305 0.050781 0.862305 0.044922
1 1.037109 0.029297 1.038086 0.030273 1.037109 0.031250 1.037109 0.043945 1.038086 0.044922 1.038086 0.095703 1.039062 0.096680 1.039062 0.132812 1.040039 0.132812 1.041016 0.131836 1.042969 0.131836 1.043945 0.132812 1.043945 0.134766 1.044922 0.135742 1.044922 0.136719 1.045898 0.136719 1.046875 0.137695 1.047852 0.136719 1.048828 0.136719 1.051758 0.134766 1.053711 0.134766 1.053711 0.131836 1.054688 0.130859 1.057617 0.130859 1.057617 0.129883 1.058594 0.128906 1.057617 0.127930 1.058594 0.126953 1.059570 0.126953 1.061523 0.124023 1.061523 0.121094 1.062500 0.120117 1.062500 0.116211 1.064453 0.114258 1.065430 0.114258 1.066406 0.113281 1.066406 0.110352 1.068359 0.108398 1.068359 0.107422 1.069336 0.106445 1.069336 0.101562 1.070312 0.100586 1.071289 0.100586 1.075195 0.095703 1.075195 0.091797 1.076172 0.090820 1.077148 0.091797 1.077148 0.093750 1.078125 0.093750 1.078125 0.092773 1.077148 0.091797 1.078125 0.090820 1.077148 0.089844 1.077148 0.088867 1.080078 0.085938 1.080078 0.083984 1.079102 0.083008 1.079102 0.080078 1.078125 0.079102 1.079102 0.078125 1.079102 0.075195 1.080078 0.074219 1.080078 0.073242 1.079102 0.072266 1.079102 0.066406 1.080078 0.065430 1.080078 0.056641 1.079102 0.055664 1.077148 0.055664 1.077148 0.056641 1.075195 0.058594 1.073242 0.056641 1.073242 0.055664 1.072266 0.054688 1.072266 0.050781 1.071289 0.049805 1.071289 0.043945 1.069336 0.041992 1.069336 0.040039 1.068359 0.039062 1.068359 0.036133 1.066406 0.033203 1.065430 0.033203 1.064453 0.034180 1.063477 0.033203 1.063477 0.032227 1.061523 0.032227 1.059570 0.034180 1.056641 0.034180 1.056641 0.035156 1.055664 0.036133 1.054688 0.035156 1.053711 0.036133 1.052734 0.036133 1.050781 0.034180 1.049805 0.034180 1.048828 0.033203 1.046875 0.033203 1.044922 0.035156 1.043945 0.035156 1.042969 0.034180 1.041992 0.034180 1.041016 0.033203 1.040039 0.033203 1.038086 0.031250 1.038086 0.029297
1 1.188477 0.000000 1.191406 0.177734 1.199219 0.179688 1.199219 0.188477 1.192383 0.197266 1.194336 0.327148 1.203125 0.340820 1.209961 0.341797 1.221680 0.353516 1.225586 0.349609 1.221680 0.345703 1.225586 0.327148 1.229492 0.329102 1.231445 0.327148 1.226562 0.326172 1.234375 0.320312 1.239258 0.324219 1.242188 0.307617 1.246094 0.301758 1.250977 0.302734 1.252930 0.296875 1.249023 0.288086 1.251953 0.280273 1.245117 0.286133 1.248047 0.271484 1.252930 0.267578 1.255859 0.275391 1.268555 0.267578 1.275391 0.250000 1.271484 0.250977 1.272461 0.244141 1.279297 0.238281 1.275391 0.235352 1.279297 0.228516 1.277344 0.220703 1.288086 0.204102 1.295898 0.211914 1.297852 0.207031 1.314453 0.208008 1.316406 0.204102 1.317383 0.208008 1.323242 0.199219 1.340820 0.206055 1.350586 0.214844 1.367188 0.208984 1.377930 0.225586 1.387695 0.221680 1.398438 0.231445 1.397461 0.236328 1.402344 0.233398 1.416992 0.250000 1.413086 0.288086 1.418945 0.291992 1.414062 0.299805 1.412109 0.295898 1.416992 0.316406 1.428711 0.305664 1.424805 0.293945 1.419922 0.291992 1.420898 0.287109 1.429688 0.295898 1.435547 0.294922 1.435547 0.283203 1.444336 0.286133 1.450195 0.281250 1.447266 0.277344 1.457031 0.267578 1.462891 0.270508 1.472656 0.262695 1.469727 0.256836 1.483398 0.233398 1.485352 0.239258 1.493164 0.233398 1.507812 0.239258 1.522461 0.239258 1.524414 0.243164 1.534180 0.240234 1.533203 0.222656 1.528320 0.226562 1.521484 0.218750 1.526367 0.211914 1.529297 0.216797 1.533203 0.213867 1.531250 0.207031 1.535156 0.199219 1.550781 0.207031 1.559570 0.206055 1.558594 0.201172 1.562500 0.195312 1.565430 0.197266 1.566406 0.190430 1.574219 0.203125 1.569336 0.211914 1.575195 0.212891 1.571289 0.220703 1.574219 0.218750 1.576172 0.225586 1.591797 0.213867 1.596680 0.215820 1.600586 0.206055 1.609375 0.204102 1.606445 0.200195 1.607422 0.176758 1.611328 0.170898 1.608398 0.159180 1.611328 0.161133 1.615234 0.156250 1.615234 0.148438 1.620117 0.181641 1.612305 0.191406 1.611328 0.205078 1.620117 0.197266 1.640625 0.191406 1.635742 0.000000 1.506836 0.000000 1.508789 0.151367 1.291992 0.193359 1.285156 0.190430 1.282227 0.000000