1 0.220703 1.038086 0.220703 1.041992 0.221680 1.042969 0.221680 1.044922 0.224609 1.047852 0.224609 1.053711 0.234375 1.053711 0.234375 1.045898 0.233398 1.045898 0.232422 1.044922 0.231445 1.044922 0.230469 1.043945 0.229492 1.043945 0.227539 1.041992 0.226562 1.041992 0.225586 1.041016 0.224609 1.041016 0.223633 1.040039 0.222656 1.040039
1 0.200195 1.027344 0.200195 1.047852 0.201172 1.048828 0.201172 1.053711 0.209961 1.053711 0.208984 1.052734 0.208984 1.051758 0.207031 1.049805 0.208008 1.048828 0.208008 1.047852 0.207031 1.046875 0.207031 1.041992 0.206055 1.041016 0.206055 1.040039 0.205078 1.039062 0.205078 1.034180 0.204102 1.033203 0.205078 1.032227 0.205078 1.030273 0.203125 1.028320 0.202148 1.028320 0.201172 1.027344
1 0.038086 1.026367 0.038086 1.028320 0.035156 1.031250 0.034180 1.030273 0.034180 1.032227 0.033203 1.033203 0.033203 1.036133 0.032227 1.037109 0.032227 1.049805 0.033203 1.050781 0.033203 1.053711 0.041016 1.053711 0.041016 1.048828 0.040039 1.047852 0.040039 1.044922 0.039062 1.043945 0.039062 1.028320 0.038086 1.027344
1 0.029297 1.005859 0.028320 1.005859 0.028320 1.038086 0.028320 1.015625 0.029297 1.014648 0.029297 1.013672 0.030273 1.012695 0.031250 1.013672 0.031250 1.018555 0.034180 1.021484 0.034180 1.024414 0.034180 1.023438 0.035156 1.022461 0.035156 1.019531 0.034180 1.018555 0.034180 1.016602 0.033203 1.016602 0.032227 1.015625 0.032227 1.009766 0.031250 1.008789 0.031250 1.011719 0.030273 1.012695 0.029297 1.011719
1 0.068359 0.953125 0.068359 0.956055 0.069336 0.957031 0.069336 0.960938 0.070312 0.961914 0.070312 0.967773 0.071289 0.967773 0.072266 0.968750 0.072266 0.977539 0.074219 0.979492 0.074219 0.980469 0.075195 0.981445 0.075195 0.989258 0.076172 0.990234 0.076172 1.003906 0.077148 1.004883 0.077148 1.008789 0.078125 1.007812 0.078125 0.994141 0.079102 0.993164 0.079102 0.992188 0.080078 0.991211 0.081055 0.991211 0.082031 0.992188 0.082031 1.000977 0.081055 1.001953 0.081055 1.011719 0.082031 1.012695 0.081055 1.013672 0.081055 1.023438 0.083008 1.023438 0.083984 1.024414 0.083984 1.026367 0.084961 1.027344 0.084961 1.023438 0.085938 1.022461 0.086914 1.022461 0.086914 1.021484 0.087891 1.020508 0.088867 1.021484 0.088867 1.022461 0.088867 1.016602 0.089844 1.015625 0.088867 1.014648 0.089844 1.013672 0.089844 1.001953 0.090820 1.000977 0.090820 0.979492 0.089844 0.978516 0.089844 0.964844 0.088867 0.964844 0.087891 0.963867 0.086914 0.963867 0.085938 0.962891 0.084961 0.962891 0.083008 0.960938 0.082031 0.960938 0.081055 0.959961 0.080078 0.959961 0.079102 0.958984 0.078125 0.958984 0.077148 0.958008 0.076172 0.958008 0.074219 0.956055 0.073242 0.956055 0.072266 0.955078 0.071289 0.955078 0.070312 0.954102 0.069336 0.954102
1 0.108398 0.944336 0.107422 0.945312 0.107422 0.950195 0.108398 0.951172 0.108398 0.954102 0.109375 0.955078 0.109375 0.956055 0.108398 0.957031 0.110352 0.957031 0.111328 0.956055 0.111328 0.953125 0.112305 0.952148 0.111328 0.951172 0.112305 0.950195 0.110352 0.948242 0.110352 0.947266 0.108398 0.945312
1 1.297852 0.937500 1.296875 0.938477 1.295898 0.937500 1.294922 0.937500 1.293945 0.938477 1.293945 0.939453 1.292969 0.940430 1.291992 0.940430 1.291016 0.941406 1.291016 0.942383 1.290039 0.943359 1.289062 0.943359 1.289062 0.945312 1.290039 0.946289 1.289062 0.947266 1.290039 0.948242 1.290039 0.950195 1.289062 0.951172 1.289062 0.952148 1.287109 0.954102 1.286133 0.953125 1.286133 0.952148 1.285156 0.953125 1.284180 0.952148 1.284180 0.954102 1.285156 0.954102 1.286133 0.955078 1.286133 0.964844 1.287109 0.965820 1.287109 0.966797 1.289062 0.966797 1.290039 0.967773 1.290039 0.966797 1.291016 0.965820 1.292969 0.965820 1.293945 0.966797 1.293945 0.967773 1.296875 0.967773 1.297852 0.966797 1.297852 0.965820 1.298828 0.964844 1.298828 0.963867 1.297852 0.962891 1.297852 0.959961 1.298828 0.958984 1.298828 0.958008 1.299805 0.957031 1.298828 0.956055 1.298828 0.955078 1.299805 0.954102 1.299805 0.951172 1.300781 0.950195 1.300781 0.949219 1.301758 0.948242 1.301758 0.944336 1.300781 0.943359 1.300781 0.942383 1.298828 0.940430 1.298828 0.938477
1 0.221680 0.908203 0.221680 0.911133 0.219727 0.913086 0.218750 0.912109 0.218750 0.911133 0.217773 0.911133 0.217773 0.912109 0.216797 0.913086 0.216797 0.917969 0.215820 0.918945 0.214844 0.917969 0.214844 0.916992 0.214844 0.924805 0.213867 0.925781 0.213867 0.928711 0.212891 0.929688 0.210938 0.929688 0.209961 0.930664 0.208984 0.929688 0.208984 0.923828 0.208008 0.923828 0.207031 0.924805 0.207031 0.927734 0.205078 0.929688 0.205078 0.931641 0.204102 0.932617 0.204102 0.934570 0.205078 0.935547 0.204102 0.936523 0.204102 0.943359 0.205078 0.944336 0.205078 0.947266 0.204102 0.948242 0.204102 0.957031 0.205078 0.958008 0.205078 0.962891 0.206055 0.962891 0.207031 0.963867 0.208008 0.963867 0.208984 0.964844 0.209961 0.964844 0.210938 0.965820 0.211914 0.965820 0.212891 0.966797 0.213867 0.966797 0.214844 0.967773 0.215820 0.967773 0.215820 0.965820 0.216797 0.964844 0.216797 0.962891 0.215820 0.961914 0.215820 0.953125 0.216797 0.952148 0.217773 0.953125 0.218750 0.952148 0.217773 0.951172 0.217773 0.947266 0.218750 0.946289 0.218750 0.941406 0.219727 0.940430 0.219727 0.935547 0.222656 0.932617 0.222656 0.929688 0.221680 0.928711 0.221680 0.920898 0.223633 0.918945 0.223633 0.916992 0.226562 0.914062 0.226562 0.913086 0.225586 0.912109 0.225586 0.911133 0.224609 0.910156 0.224609 0.909180 0.223633 0.909180 0.222656 0.910156 0.221680 0.909180
1 0.595703 0.900391 0.595703 0.901367 0.594727 0.902344 0.594727 0.912109 0.595703 0.912109 0.596680 0.913086 0.597656 0.913086 0.597656 0.909180 0.598633 0.908203 0.597656 0.907227 0.597656 0.902344 0.596680 0.901367 0.596680 0.900391
1 0.043945 0.897461 0.043945 0.898438 0.044922 0.899414 0.044922 0.904297 0.046875 0.906250 0.046875 0.910156 0.047852 0.910156 0.047852 0.909180 0.046875 0.908203 0.046875 0.902344 0.045898 0.901367 0.045898 0.897461 0.044922 0.898438
1 1.806641 0.895508 1.805664 0.895508 1.805664 0.897461 1.804688 0.898438 1.804688 0.901367 1.803711 0.902344 1.803711 0.903320 1.802734 0.904297 1.802734 0.909180 1.803711 0.910156 1.807617 0.910156 1.809570 0.908203 1.810547 0.908203 1.812500 0.906250 1.812500 0.905273 1.813477 0.904297 1.813477 0.902344 1.809570 0.898438 1.809570 0.896484 1.807617 0.896484
1 1.359375 0.845703 1.359375 0.846680 1.358398 0.847656 1.358398 0.849609 1.357422 0.850586 1.355469 0.850586 1.354492 0.851562 1.354492 0.852539 1.353516 0.853516 1.352539 0.853516 1.352539 0.855469 1.353516 0.854492 1.354492 0.854492 1.355469 0.855469 1.355469 0.857422 1.357422 0.859375 1.358398 0.859375 1.359375 0.860352 1.360352 0.860352 1.362305 0.862305 1.364258 0.860352 1.365234 0.860352 1.366211 0.859375 1.366211 0.857422 1.367188 0.856445 1.367188 0.853516 1.365234 0.851562 1.365234 0.850586 1.363281 0.848633 1.363281 0.846680 1.362305 0.845703
1 0.614258 0.839844 0.609375 0.845703 0.609375 0.848633 0.607422 0.850586 0.607422 0.851562 0.606445 0.852539 0.606445 0.854492 0.603516 0.856445 0.603516 0.858398 0.601562 0.861328 0.601562 0.872070 0.602539 0.873047 0.601562 0.874023 0.602539 0.875000 0.603516 0.879883 0.605469 0.882812 0.605469 0.884766 0.606445 0.885742 0.606445 0.890625 0.607422 0.891602 0.607422 0.899414 0.606445 0.900391 0.605469 0.899414 0.605469 0.898438 0.605469 0.900391 0.608398 0.903320 0.607422 0.904297 0.607422 0.906250 0.608398 0.907227 0.608398 0.914062 0.609375 0.915039 0.609375 0.920898 0.610352 0.921875 0.610352 0.923828 0.611328 0.924805 0.610352 0.927734 0.609375 0.928711 0.608398 0.928711 0.608398 0.930664 0.607422 0.931641 0.607422 0.947266 0.608398 0.948242 0.608398 0.951172 0.609375 0.951172 0.610352 0.952148 0.611328 0.955078 0.613281 0.957031 0.613281 0.959961 0.614258 0.960938 0.614258 0.967773 0.613281 0.968750 0.613281 0.970703 0.612305 0.971680 0.612305 0.977539 0.613281 0.978516 0.613281 0.986328 0.614258 0.987305 0.614258 0.989258 0.617188 0.994141 0.617188 0.996094 0.618164 0.997070 0.618164 0.998047 0.619141 0.998047 0.620117 0.999023 0.620117 1.000000 0.621094 0.999023 0.622070 1.000000 0.624023 1.000000 0.625977 1.001953 0.625977 1.002930 0.626953 1.002930 0.627930 1.003906 0.627930 1.005859 0.629883 1.007812 0.629883 1.014648 0.631836 1.016602 0.631836 1.017578 0.632812 1.017578 0.635742 1.010742 0.637695 1.008789 0.637695 1.007812 0.636719 1.006836 0.636719 1.004883 0.637695 1.003906 0.637695 1.001953 0.638672 1.000977 0.639648 1.000977 0.639648 0.990234 0.642578 0.987305 0.642578 0.984375 0.643555 0.983398 0.643555 0.979492 0.642578 0.978516 0.642578 0.970703 0.643555 0.969727 0.643555 0.962891 0.642578 0.961914 0.642578 0.959961 0.641602 0.958984 0.641602 0.957031 0.640625 0.956055 0.640625 0.945312 0.639648 0.944336 0.639648 0.938477 0.638672 0.937500 0.638672 0.936523 0.639648 0.935547 0.639648 0.928711 0.641602 0.925781 0.641602 0.920898 0.640625 0.919922 0.640625 0.916016 0.639648 0.915039 0.639648 0.912109 0.640625 0.911133 0.640625 0.883789 0.639648 0.882812 0.639648 0.877930 0.638672 0.876953 0.638672 0.872070 0.636719 0.870117 0.636719 0.867188 0.637695 0.866211 0.637695 0.861328 0.634766 0.857422 0.634766 0.855469 0.629883 0.850586 0.628906 0.850586 0.627930 0.849609 0.626953 0.850586 0.625977 0.849609 0.625977 0.848633 0.625000 0.848633 0.624023 0.847656 0.624023 0.846680 0.623047 0.847656 0.621094 0.845703 0.621094 0.840820 0.619141 0.840820 0.618164 0.839844
1 1.130859 0.830078 1.129883 0.829102 1.129883 0.828125 1.119141 0.828125 1.118164 0.829102 1.107422 0.829102 1.106445 0.830078 1.094727 0.830078 1.093750 0.831055 1.083008 0.831055 1.082031 0.832031 1.070312 0.832031 1.069336 0.833008 1.058594 0.833008 1.057617 0.833984 1.045898 0.833984 1.044922 0.834961 1.034180 0.834961 1.033203 0.835938 1.028320 0.835938 1.036133 0.835938 1.037109 0.836914 1.040039 0.836914 1.041016 0.837891 1.041992 0.837891 1.042969 0.838867 1.042969 0.839844 1.043945 0.839844 1.044922 0.838867 1.049805 0.838867 1.051758 0.836914 1.052734 0.836914 1.054688 0.834961 1.056641 0.834961 1.057617 0.833984 1.059570 0.833984 1.061523 0.835938 1.062500 0.834961 1.063477 0.835938 1.063477 0.837891 1.062500 0.838867 1.061523 0.837891 1.060547 0.837891 1.060547 0.839844 1.063477 0.839844 1.064453 0.838867 1.065430 0.839844 1.067383 0.839844 1.068359 0.838867 1.070312 0.838867 1.073242 0.841797 1.075195 0.841797 1.076172 0.840820 1.078125 0.842773 1.079102 0.842773 1.080078 0.843750 1.085938 0.837891 1.086914 0.837891 1.087891 0.838867 1.091797 0.838867 1.092773 0.839844 1.094727 0.837891 1.095703 0.838867 1.096680 0.838867 1.098633 0.840820 1.098633 0.839844 1.097656 0.838867 1.098633 0.837891 1.098633 0.836914 1.099609 0.835938 1.101562 0.835938 1.103516 0.837891 1.103516 0.838867 1.104492 0.839844 1.105469 0.838867 1.106445 0.838867 1.106445 0.837891 1.107422 0.836914 1.110352 0.836914 1.111328 0.837891 1.111328 0.839844 1.114258 0.839844 1.115234 0.840820 1.116211 0.840820 1.116211 0.839844 1.118164 0.837891 1.120117 0.837891 1.121094 0.838867 1.123047 0.838867 1.125000 0.836914 1.126953 0.838867 1.128906 0.838867 1.130859 0.836914
1 1.262695 0.823242 1.260742 0.825195 1.259766 0.825195 1.259766 0.826172 1.258789 0.827148 1.257812 0.827148 1.256836 0.828125 1.256836 0.831055 1.255859 0.832031 1.255859 0.834961 1.254883 0.835938 1.254883 0.836914 1.256836 0.838867 1.256836 0.840820 1.259766 0.840820 1.261719 0.842773 1.262695 0.842773 1.264648 0.840820 1.265625 0.841797 1.265625 0.847656 1.264648 0.848633 1.264648 0.849609 1.263672 0.850586 1.265625 0.852539 1.267578 0.852539 1.268555 0.853516 1.271484 0.853516 1.272461 0.854492 1.274414 0.854492 1.275391 0.855469 1.277344 0.853516 1.279297 0.853516 1.280273 0.852539 1.280273 0.851562 1.281250 0.850586 1.281250 0.845703 1.280273 0.844727 1.281250 0.843750 1.281250 0.842773 1.282227 0.841797 1.282227 0.840820 1.283203 0.839844 1.284180 0.839844 1.284180 0.837891 1.283203 0.836914 1.282227 0.836914 1.281250 0.835938 1.282227 0.834961 1.282227 0.833984 1.281250 0.833008 1.281250 0.830078 1.280273 0.830078 1.279297 0.829102 1.278320 0.829102 1.277344 0.828125 1.277344 0.827148 1.276367 0.827148 1.275391 0.828125 1.274414 0.828125 1.273438 0.827148 1.273438 0.823242 1.272461 0.822266 1.271484 0.823242 1.270508 0.822266 1.269531 0.823242
1 1.367188 0.817383 1.367188 0.818359 1.368164 0.819336 1.367188 0.820312 1.367188 0.821289 1.365234 0.823242 1.365234 0.824219 1.364258 0.825195 1.364258 0.829102 1.365234 0.830078 1.364258 0.831055 1.364258 0.832031 1.365234 0.833008 1.364258 0.833984 1.364258 0.835938 1.365234 0.835938 1.365234 0.834961 1.366211 0.833984 1.367188 0.834961 1.368164 0.834961 1.369141 0.835938 1.371094 0.835938 1.372070 0.836914 1.372070 0.837891 1.373047 0.837891 1.373047 0.836914 1.372070 0.835938 1.372070 0.834961 1.375000 0.832031 1.375000 0.827148 1.374023 0.827148 1.373047 0.826172 1.373047 0.824219 1.369141 0.820312 1.369141 0.817383
1 0.166016 0.806641 0.166016 0.808594 0.165039 0.809570 0.165039 0.811523 0.163086 0.814453 0.162109 0.813477 0.162109 0.815430 0.161133 0.816406 0.161133 0.822266 0.160156 0.823242 0.160156 0.830078 0.159180 0.831055 0.158203 0.830078 0.158203 0.829102 0.158203 0.832031 0.157227 0.833008 0.157227 0.840820 0.158203 0.841797 0.158203 0.844727 0.159180 0.845703 0.159180 0.849609 0.160156 0.850586 0.160156 0.853516 0.161133 0.854492 0.161133 0.857422 0.161133 0.855469 0.162109 0.854492 0.163086 0.855469 0.163086 0.862305 0.164062 0.863281 0.164062 0.871094 0.163086 0.872070 0.163086 0.873047 0.164062 0.874023 0.164062 0.875000 0.165039 0.875977 0.165039 0.877930 0.166016 0.878906 0.166016 0.884766 0.166992 0.885742 0.166992 0.890625 0.166016 0.891602 0.165039 0.890625 0.165039 0.887695 0.165039 0.890625 0.164062 0.891602 0.164062 0.898438 0.163086 0.899414 0.163086 0.900391 0.165039 0.902344 0.165039 0.903320 0.166016 0.904297 0.166016 0.912109 0.165039 0.913086 0.165039 0.919922 0.164062 0.920898 0.163086 0.920898 0.163086 0.929688 0.164062 0.929688 0.165039 0.930664 0.165039 0.932617 0.166016 0.933594 0.166016 0.939453 0.166992 0.940430 0.166992 0.937500 0.168945 0.935547 0.169922 0.935547 0.170898 0.936523 0.170898 0.937500 0.170898 0.936523 0.172852 0.934570 0.172852 0.876953 0.171875 0.875977 0.171875 0.814453 0.170898 0.814453 0.167969 0.812500 0.167969 0.807617 0.166992 0.807617
1 0.085938 0.789062 0.085938 0.791016 0.083008 0.797852 0.083008 0.803711 0.082031 0.804688 0.083008 0.806641 0.083008 0.810547 0.082031 0.811523 0.082031 0.816406 0.083008 0.817383 0.082031 0.818359 0.082031 0.823242 0.084961 0.827148 0.084961 0.832031 0.081055 0.838867 0.080078 0.837891 0.080078 0.824219 0.079102 0.823242 0.079102 0.821289 0.079102 0.824219 0.078125 0.825195 0.077148 0.824219 0.077148 0.827148 0.075195 0.830078 0.075195 0.833008 0.074219 0.833984 0.072266 0.832031 0.072266 0.828125 0.073242 0.827148 0.073242 0.815430 0.072266 0.814453 0.073242 0.813477 0.073242 0.803711 0.072266 0.802734 0.072266 0.796875 0.072266 0.797852 0.069336 0.799805 0.068359 0.798828 0.068359 0.796875 0.069336 0.795898 0.068359 0.795898 0.067383 0.797852 0.067383 0.802734 0.065430 0.806641 0.065430 0.830078 0.066406 0.831055 0.066406 0.896484 0.068359 0.896484 0.067383 0.895508 0.068359 0.894531 0.067383 0.892578 0.067383 0.887695 0.069336 0.884766 0.069336 0.882812 0.071289 0.880859 0.071289 0.876953 0.072266 0.875977 0.073242 0.876953 0.073242 0.880859 0.074219 0.881836 0.073242 0.882812 0.073242 0.888672 0.072266 0.889648 0.071289 0.897461 0.070312 0.898438 0.076172 0.901367 0.078125 0.901367 0.078125 0.896484 0.077148 0.895508 0.078125 0.894531 0.078125 0.888672 0.080078 0.887695 0.080078 0.876953 0.081055 0.875977 0.081055 0.859375 0.080078 0.858398 0.080078 0.853516 0.079102 0.852539 0.079102 0.845703 0.080078 0.844727 0.079102 0.841797 0.080078 0.840820 0.082031 0.842773 0.082031 0.843750 0.083008 0.843750 0.083008 0.835938 0.083984 0.834961 0.084961 0.835938 0.084961 0.840820 0.085938 0.841797 0.084961 0.848633 0.087891 0.850586 0.087891 0.852539 0.088867 0.853516 0.086914 0.854492 0.086914 0.864258 0.087891 0.865234 0.087891 0.868164 0.088867 0.869141 0.088867 0.868164 0.090820 0.866211 0.090820 0.862305 0.091797 0.861328 0.091797 0.859375 0.092773 0.858398 0.093750 0.859375 0.093750 0.861328 0.093750 0.859375 0.094727 0.858398 0.093750 0.856445 0.093750 0.848633 0.094727 0.846680 0.092773 0.843750 0.092773 0.840820 0.091797 0.841797 0.089844 0.839844 0.089844 0.834961 0.088867 0.833984 0.089844 0.826172 0.091797 0.824219 0.091797 0.812500 0.090820 0.811523 0.090820 0.803711 0.089844 0.803711 0.087891 0.800781 0.087891 0.793945 0.086914 0.792969 0.086914 0.790039
1 1.712891 0.783203 1.712891 0.786133 1.714844 0.788086 1.722656 0.788086 1.724609 0.785156 1.729492 0.785156 1.732422 0.790039 1.737305 0.791016 1.738281 0.789062 1.742188 0.791992 1.750977 0.790039 1.753906 0.792969 1.752930 0.798828 1.756836 0.799805 1.764648 0.807617 1.764648 0.810547 1.770508 0.815430 1.775391 0.813477 1.780273 0.814453 1.781250 0.815430 1.780273 0.817383 1.782227 0.818359 1.789062 0.833008 1.791016 0.833984 1.790039 0.835938 1.791016 0.836914 1.794922 0.835938 1.797852 0.838867 1.797852 0.840820 1.799805 0.841797 1.799805 0.843750 1.800781 0.844727 1.802734 0.843750 1.806641 0.848633 1.806641 0.850586 1.812500 0.856445 1.812500 0.863281 1.809570 0.866211 1.809570 0.869141 1.807617 0.872070 1.808594 0.875977 1.806641 0.879883 1.808594 0.883789 1.811523 0.884766 1.811523 0.887695 1.815430 0.890625 1.815430 0.893555 1.818359 0.895508 1.820312 0.892578 1.826172 0.893555 1.830078 0.897461 1.831055 0.901367 1.832031 0.900391 1.833984 0.901367 1.835938 0.899414 1.837891 0.900391 1.842773 0.899414 1.843750 0.897461 1.844727 0.901367 1.849609 0.902344 1.851562 0.899414 1.854492 0.900391 1.855469 0.904297 1.856445 0.903320 1.858398 0.904297 1.859375 0.909180 1.863281 0.915039 1.860352 0.917969 1.861328 0.921875 1.863281 0.923828 1.866211 0.922852 1.869141 0.925781 1.868164 0.928711 1.873047 0.937500 1.874023 0.935547 1.874023 0.808594 1.870117 0.809570 1.868164 0.804688 1.869141 0.803711 1.872070 0.804688 1.872070 0.802734 1.873047 0.801758 1.874023 0.802734 1.874023 0.768555 1.840820 0.770508 1.836914 0.771484 1.833984 0.775391 1.833008 0.786133 1.834961 0.783203 1.835938 0.784180 1.834961 0.787109 1.835938 0.791992 1.833984 0.792969 1.833008 0.795898 1.836914 0.800781 1.842773 0.804688 1.842773 0.808594 1.843750 0.807617 1.844727 0.808594 1.842773 0.813477 1.840820 0.813477 1.838867 0.811523 1.836914 0.813477 1.835938 0.812500 1.836914 0.808594 1.825195 0.791016 1.824219 0.791992 1.821289 0.791016 1.820312 0.803711 1.816406 0.810547 1.814453 0.806641 1.811523 0.807617 1.810547 0.806641 1.808594 0.808594 1.806641 0.806641 1.801758 0.809570 1.799805 0.807617 1.798828 0.803711 1.796875 0.802734 1.800781 0.797852 1.800781 0.787109 1.797852 0.788086 1.795898 0.786133 1.794922 0.779297 1.791992 0.775391 1.755859 0.777344 1.754883 0.780273 1.753906 0.779297 1.752930 0.780273 1.751953 0.778320 1.718750 0.780273 1.714844 0.781250
1 1.592773 0.698242 1.590820 0.700195 1.585938 0.699219 1.582031 0.701172 1.578125 0.699219 1.570312 0.705078 1.568359 0.704102 1.562500 0.707031 1.561523 0.704102 1.552734 0.707031 1.553711 0.746094 1.555664 0.747070 1.553711 0.750000 1.555664 0.747070 1.557617 0.749023 1.556641 0.750977 1.558594 0.750000 1.566406 0.757812 1.566406 0.763672 1.564453 0.764648 1.564453 0.772461 1.562500 0.773438 1.561523 0.770508 1.559570 0.773438 1.561523 0.778320 1.557617 0.780273 1.556641 0.783203 1.553711 0.783203 1.556641 0.964844 1.548828 0.966797 1.546875 0.962891 1.542969 0.962891 1.545898 0.976562 1.542969 0.977539 1.541992 0.980469 1.543945 0.985352 1.547852 0.985352 1.552734 0.982422 1.553711 0.984375 1.550781 0.986328 1.553711 0.986328 1.553711 0.984375 1.557617 0.986328 1.557617 1.039062 1.566406 1.038086 1.566406 1.036133 1.564453 1.038086 1.563477 1.037109 1.563477 1.029297 1.565430 1.028320 1.565430 1.022461 1.562500 1.019531 1.563477 1.015625 1.565430 1.018555 1.564453 1.013672 1.562500 1.012695 1.575195 1.006836 1.581055 1.021484 1.587891 1.020508 1.593750 1.012695 1.592773 1.000977 1.589844 1.001953 1.587891 1.000000 1.586914 0.993164 1.582031 0.987305 1.584961 0.985352 1.583984 0.981445 1.593750 0.973633 1.593750 0.963867 1.586914 0.963867 1.582031 0.967773 1.579102 0.965820 1.577148 0.958008 1.578125 0.955078 1.581055 0.954102 1.582031 0.948242 1.591797 0.941406 1.588867 0.924805 1.592773 0.923828 1.592773 0.917969 1.597656 0.916016 1.600586 0.911133 1.604492 0.910156 1.606445 0.912109 1.611328 0.906250 1.610352 0.903320 1.614258 0.898438 1.615234 0.880859 1.614258 0.874023 1.612305 0.873047 1.614258 0.872070 1.609375 0.873047 1.606445 0.869141 1.609375 0.866211 1.611328 0.867188 1.620117 0.854492 1.618164 0.849609 1.619141 0.836914 1.624023 0.832031 1.624023 0.830078 1.628906 0.827148 1.628906 0.819336 1.624023 0.816406 1.625977 0.810547 1.624023 0.806641 1.628906 0.804688 1.629883 0.802734 1.628906 0.803711 1.627930 0.800781 1.629883 0.799805 1.632812 0.801758 1.633789 0.810547 1.638672 0.811523 1.641602 0.795898 1.643555 0.797852 1.644531 0.795898 1.642578 0.793945 1.643555 0.790039 1.640625 0.778320 1.632812 0.780273 1.629883 0.779297 1.626953 0.781250 1.623047 0.775391 1.624023 0.764648 1.620117 0.756836 1.625977 0.749023 1.631836 0.749023 1.633789 0.750977 1.634766 0.748047 1.633789 0.741211 1.632812 0.743164 1.630859 0.742188 1.632812 0.737305 1.630859 0.739258 1.628906 0.735352 1.630859 0.732422 1.628906 0.722656 1.625000 0.721680 1.622070 0.715820 1.614258 0.713867 1.613281 0.710938 1.603516 0.707031 1.599609 0.702148 1.596680 0.702148
1 0.206055 0.646484 0.206055 0.647461 0.207031 0.648438 0.206055 0.649414 0.205078 0.649414 0.203125 0.651367 0.203125 0.652344 0.201172 0.654297 0.201172 0.656250 0.200195 0.657227 0.199219 0.657227 0.199219 0.663086 0.198242 0.664062 0.198242 0.666992 0.197266 0.667969 0.197266 0.714844 0.198242 0.714844 0.200195 0.716797 0.200195 0.717773 0.200195 0.705078 0.201172 0.704102 0.202148 0.705078 0.202148 0.707031 0.204102 0.708984 0.204102 0.713867 0.205078 0.714844 0.205078 0.719727 0.204102 0.720703 0.204102 0.723633 0.205078 0.724609 0.205078 0.725586 0.206055 0.725586 0.208984 0.728516 0.208984 0.729492 0.210938 0.731445 0.210938 0.732422 0.211914 0.733398 0.211914 0.737305 0.212891 0.738281 0.212891 0.742188 0.213867 0.741211 0.214844 0.742188 0.215820 0.741211 0.217773 0.743164 0.217773 0.744141 0.216797 0.745117 0.217773 0.746094 0.217773 0.748047 0.218750 0.747070 0.222656 0.750977 0.221680 0.750000 0.221680 0.749023 0.222656 0.748047 0.222656 0.746094 0.224609 0.743164 0.224609 0.740234 0.223633 0.739258 0.226562 0.736328 0.226562 0.735352 0.227539 0.734375 0.227539 0.733398 0.226562 0.732422 0.226562 0.727539 0.227539 0.726562 0.227539 0.722656 0.229492 0.719727 0.229492 0.708008 0.230469 0.707031 0.230469 0.700195 0.229492 0.699219 0.229492 0.698242 0.230469 0.697266 0.229492 0.696289 0.229492 0.687500 0.228516 0.686523 0.228516 0.682617 0.227539 0.681641 0.227539 0.674805 0.226562 0.673828 0.226562 0.672852 0.225586 0.671875 0.225586 0.670898 0.223633 0.668945 0.223633 0.666016 0.222656 0.665039 0.222656 0.663086 0.220703 0.661133 0.220703 0.660156 0.219727 0.659180 0.219727 0.658203 0.216797 0.655273 0.217773 0.654297 0.217773 0.653320 0.216797 0.652344 0.216797 0.654297 0.215820 0.655273 0.213867 0.655273 0.212891 0.654297 0.211914 0.654297 0.210938 0.653320 0.210938 0.651367 0.209961 0.650391 0.209961 0.649414 0.208984 0.648438 0.207031 0.648438 0.206055 0.647461
1 0.308594 0.605469 0.308594 0.622070 0.309570 0.623047 0.309570 0.625000 0.311523 0.626953 0.311523 0.631836 0.312500 0.632812 0.313477 0.632812 0.314453 0.633789 0.314453 0.634766 0.316406 0.636719 0.316406 0.637695 0.315430 0.638672 0.315430 0.641602 0.310547 0.645508 0.310547 0.646484 0.311523 0.647461 0.309570 0.649414 0.309570 0.711914 0.310547 0.712891 0.310547 0.717773 0.309570 0.718750 0.309570 0.724609 0.310547 0.725586 0.310547 0.755859 0.312500 0.753906 0.313477 0.754883 0.313477 0.756836 0.313477 0.755859 0.314453 0.754883 0.314453 0.752930 0.316406 0.750977 0.317383 0.751953 0.317383 0.749023 0.318359 0.748047 0.318359 0.746094 0.320312 0.744141 0.320312 0.742188 0.322266 0.740234 0.323242 0.741211 0.323242 0.742188 0.323242 0.734375 0.325195 0.731445 0.326172 0.731445 0.327148 0.732422 0.327148 0.731445 0.328125 0.730469 0.328125 0.726562 0.327148 0.725586 0.329102 0.723633 0.330078 0.724609 0.330078 0.712891 0.331055 0.711914 0.331055 0.710938 0.331055 0.711914 0.330078 0.712891 0.329102 0.711914 0.329102 0.709961 0.331055 0.708008 0.330078 0.707031 0.330078 0.705078 0.331055 0.704102 0.331055 0.703125 0.330078 0.702148 0.330078 0.700195 0.331055 0.699219 0.331055 0.694336 0.332031 0.693359 0.332031 0.690430 0.333008 0.689453 0.333008 0.687500 0.333984 0.686523 0.333008 0.685547 0.333008 0.676758 0.333984 0.675781 0.333984 0.672852 0.332031 0.669922 0.332031 0.663086 0.330078 0.661133 0.329102 0.662109 0.328125 0.661133 0.328125 0.659180 0.329102 0.658203 0.328125 0.657227 0.328125 0.654297 0.327148 0.653320 0.325195 0.653320 0.324219 0.652344 0.324219 0.649414 0.323242 0.649414 0.322266 0.648438 0.322266 0.647461 0.320312 0.645508 0.321289 0.646484 0.320312 0.647461 0.318359 0.647461 0.317383 0.646484 0.317383 0.643555 0.318359 0.642578 0.318359 0.641602 0.317383 0.640625 0.318359 0.639648 0.318359 0.635742 0.317383 0.634766 0.317383 0.631836 0.316406 0.630859 0.316406 0.627930 0.313477 0.626953 0.312500 0.625977 0.312500 0.624023 0.311523 0.623047 0.311523 0.619141 0.310547 0.618164 0.310547 0.617188 0.311523 0.616211 0.311523 0.614258 0.310547 0.613281 0.310547 0.611328 0.309570 0.610352 0.309570 0.607422 0.308594 0.606445
1 0.930664 0.580078 0.928711 0.585938 0.923828 0.583008 0.916992 0.590820 0.915039 0.589844 0.917969 0.591797 0.912109 0.597656 0.900391 0.599609 0.898438 0.596680 0.895508 0.596680 0.898438 0.600586 0.894531 0.601562 0.887695 0.595703 0.884766 0.596680 0.883789 0.599609 0.878906 0.598633 0.875977 0.595703 0.866211 0.598633 0.862305 0.594727 0.856445 0.599609 0.858398 0.741211 0.867188 0.741211 0.872070 0.752930 0.870117 0.756836 0.871094 0.767578 0.869141 0.773438 0.866211 0.774414 0.865234 0.777344 0.869141 0.780273 0.868164 0.784180 0.875977 0.793945 0.887695 0.795898 0.888672 0.798828 0.891602 0.796875 0.898438 0.796875 0.898438 0.793945 0.900391 0.793945 0.902344 0.789062 0.907227 0.789062 0.911133 0.794922 0.910156 0.796875 0.912109 0.799805 0.909180 0.803711 0.912109 0.804688 0.912109 0.809570 0.910156 0.813477 0.906250 0.810547 0.906250 0.817383 0.909180 0.819336 0.913086 0.831055 0.911133 0.832031 0.910156 0.830078 0.911133 0.833008 0.905273 0.836914 0.905273 0.840820 0.910156 0.843750 0.912109 0.848633 0.909180 0.852539 0.905273 0.851562 0.906250 0.856445 0.904297 0.859375 0.910156 0.865234 0.908203 0.872070 0.909180 0.875000 0.913086 0.876953 0.913086 0.881836 0.916016 0.882812 0.916016 0.892578 0.918945 0.896484 0.917969 0.901367 0.921875 0.900391 0.923828 0.902344 0.923828 0.910156 0.926758 0.912109 0.927734 0.916016 0.933594 0.917969 0.932617 0.924805 0.938477 0.932617 0.942383 0.932617 0.944336 0.941406 0.947266 0.942383 0.948242 0.947266 0.951172 0.947266 0.954102 0.943359 0.955078 0.945312 0.956055 0.940430 0.958984 0.939453 0.958008 0.935547 0.959961 0.932617 0.962891 0.932617 0.963867 0.929688 0.968750 0.931641 0.972656 0.927734 0.969727 0.925781 0.970703 0.919922 0.974609 0.916016 0.976562 0.919922 0.976562 0.914062 0.974609 0.915039 0.972656 0.913086 0.973633 0.909180 0.969727 0.907227 0.968750 0.904297 0.972656 0.904297 0.973633 0.906250 0.976562 0.905273 0.983398 0.911133 0.985352 0.908203 0.989258 0.907227 0.988281 0.903320 0.991211 0.896484 0.997070 0.894531 0.997070 0.898438 0.999023 0.892578 0.994141 0.885742 0.997070 0.883789 0.996094 0.878906 0.999023 0.878906 1.000000 0.874023 1.001953 0.875000 1.002930 0.867188 1.000977 0.862305 1.005859 0.858398 1.005859 0.854492 1.008789 0.853516 1.006836 0.849609 1.011719 0.846680 1.012695 0.843750 1.014648 0.844727 1.016602 0.842773 1.011719 0.840820 1.012695 0.835938 1.019531 0.833984 1.022461 0.831055 1.024414 0.832031 1.022461 0.784180 1.023438 0.755859 1.021484 0.752930 1.022461 0.697266 1.020508 0.692383 1.022461 0.690430 1.022461 0.687500 1.020508 0.686523 1.020508 0.684570 1.022461 0.684570 1.020508 0.668945 1.021484 0.605469 1.020508 0.601562 1.015625 0.604492 1.010742 0.604492 1.007812 0.610352 1.005859 0.609375 0.999023 0.616211 0.988281 0.621094 0.984375 0.620117 0.985352 0.623047 0.980469 0.625977 0.979492 0.629883 0.976562 0.629883 0.973633 0.625977 0.970703 0.625977 0.971680 0.622070 0.969727 0.620117 0.971680 0.615234 0.968750 0.615234 0.970703 0.618164 0.968750 0.620117 0.962891 0.614258 0.958984 0.603516 0.960938 0.600586 0.959961 0.596680 0.948242 0.596680 0.943359 0.587891 0.939453 0.586914 0.936523 0.583008 0.933594 0.583008 0.932617 0.584961
1 0.637695 0.576172 0.635742 0.577148 0.633789 0.581055 0.633789 0.585938 0.631836 0.589844 0.631836 0.591797 0.632812 0.592773 0.632812 0.594727 0.631836 0.595703 0.631836 0.599609 0.632812 0.600586 0.631836 0.601562 0.631836 0.606445 0.629883 0.609375 0.628906 0.618164 0.626953 0.622070 0.626953 0.627930 0.624023 0.630859 0.625000 0.634766 0.625977 0.635742 0.625977 0.637695 0.626953 0.638672 0.625977 0.639648 0.625977 0.643555 0.625000 0.644531 0.625000 0.647461 0.624023 0.648438 0.624023 0.656250 0.625977 0.658203 0.625977 0.664062 0.626953 0.665039 0.626953 0.674805 0.625977 0.675781 0.625977 0.677734 0.627930 0.678711 0.631836 0.674805 0.632812 0.674805 0.632812 0.673828 0.634766 0.671875 0.635742 0.671875 0.636719 0.673828 0.638672 0.674805 0.638672 0.679688 0.639648 0.680664 0.639648 0.685547 0.638672 0.687500 0.639648 0.688477 0.639648 0.691406 0.638672 0.692383 0.637695 0.691406 0.638672 0.693359 0.635742 0.697266 0.635742 0.701172 0.633789 0.704102 0.634766 0.706055 0.632812 0.708984 0.632812 0.711914 0.631836 0.713867 0.629883 0.714844 0.627930 0.719727 0.625977 0.720703 0.623047 0.717773 0.623047 0.715820 0.621094 0.711914 0.621094 0.708008 0.622070 0.707031 0.622070 0.704102 0.623047 0.703125 0.623047 0.700195 0.624023 0.699219 0.624023 0.693359 0.623047 0.692383 0.623047 0.683594 0.622070 0.682617 0.622070 0.680664 0.620117 0.680664 0.619141 0.686523 0.618164 0.687500 0.617188 0.692383 0.615234 0.695312 0.615234 0.701172 0.616211 0.702148 0.616211 0.704102 0.614258 0.708008 0.615234 0.708984 0.615234 0.711914 0.614258 0.712891 0.615234 0.713867 0.615234 0.723633 0.617188 0.726562 0.618164 0.732422 0.621094 0.735352 0.621094 0.737305 0.623047 0.739258 0.623047 0.740234 0.624023 0.741211 0.625977 0.740234 0.626953 0.741211 0.627930 0.740234 0.631836 0.745117 0.631836 0.743164 0.632812 0.742188 0.634766 0.744141 0.634766 0.746094 0.636719 0.748047 0.636719 0.749023 0.638672 0.749023 0.638672 0.747070 0.640625 0.744141 0.642578 0.748047 0.643555 0.748047 0.645508 0.750977 0.648438 0.750977 0.648438 0.690430 0.647461 0.689453 0.647461 0.641602 0.645508 0.638672 0.645508 0.635742 0.644531 0.634766 0.646484 0.633789 0.647461 0.631836 0.646484 0.583008 0.644531 0.581055 0.642578 0.577148 0.641602 0.577148 0.640625 0.579102
1 0.043945 0.544922 0.041992 0.550781 0.039062 0.552734 0.040039 0.564453 0.036133 0.573242 0.036133 0.589844 0.039062 0.599609 0.038086 0.600586 0.038086 0.613281 0.037109 0.614258 0.035156 0.613281 0.035156 0.604492 0.034180 0.603516 0.031250 0.604492 0.031250 0.617188 0.030273 0.618164 0.025391 0.610352 0.024414 0.600586 0.025391 0.708008 0.021484 0.708984 0.000000 0.704102 0.000000 0.795898 0.001953 0.793945 0.001953 0.786133 0.000977 0.785156 0.001953 0.783203 0.000977 0.782227 0.001953 0.766602 0.004883 0.755859 0.006836 0.753906 0.008789 0.748047 0.008789 0.745117 0.011719 0.742188 0.012695 0.745117 0.013672 0.738281 0.019531 0.735352 0.020508 0.736328 0.020508 0.746094 0.019531 0.747070 0.020508 0.759766 0.022461 0.763672 0.024414 0.762695 0.023438 0.761719 0.022461 0.743164 0.023438 0.742188 0.023438 0.732422 0.025391 0.728516 0.028320 0.736328 0.030273 0.766602 0.032227 0.768555 0.032227 0.776367 0.035156 0.786133 0.035156 0.795898 0.036133 0.785156 0.039062 0.783203 0.039062 0.771484 0.041016 0.767578 0.041992 0.768555 0.044922 0.760742 0.045898 0.753906 0.045898 0.717773 0.043945 0.710938 0.045898 0.709961 0.044922 0.638672 0.047852 0.626953 0.047852 0.619141 0.046875 0.620117 0.044922 0.618164
1 0.073242 0.539062 0.063477 0.539062 0.063477 0.630859 0.064453 0.631836 0.064453 0.711914 0.065430 0.712891 0.065430 0.714844 0.067383 0.716797 0.068359 0.715820 0.070312 0.718750 0.069336 0.719727 0.069336 0.725586 0.068359 0.726562 0.067383 0.725586 0.067383 0.737305 0.068359 0.738281 0.068359 0.727539 0.070312 0.726562 0.070312 0.719727 0.071289 0.718750 0.072266 0.719727 0.072266 0.723633 0.073242 0.723633 0.073242 0.721680 0.074219 0.720703 0.074219 0.710938 0.076172 0.707031 0.076172 0.704102 0.077148 0.703125 0.078125 0.704102 0.078125 0.708008 0.080078 0.711914 0.080078 0.718750 0.080078 0.715820 0.081055 0.714844 0.083008 0.716797 0.083008 0.719727 0.083984 0.720703 0.083008 0.721680 0.083984 0.721680 0.083984 0.716797 0.084961 0.715820 0.084961 0.708984 0.086914 0.705078 0.086914 0.700195 0.087891 0.699219 0.086914 0.697266 0.087891 0.696289 0.087891 0.693359 0.086914 0.692383 0.086914 0.654297 0.084961 0.653320 0.084961 0.651367 0.083984 0.650391 0.083984 0.645508 0.081055 0.641602 0.081055 0.638672 0.082031 0.637695 0.081055 0.636719 0.082031 0.635742 0.082031 0.632812 0.083984 0.629883 0.083984 0.621094 0.083008 0.620117 0.083984 0.619141 0.083008 0.618164 0.083984 0.616211 0.083984 0.607422 0.083008 0.607422 0.081055 0.609375 0.079102 0.607422 0.080078 0.606445 0.081055 0.601562 0.083008 0.600586 0.082031 0.598633 0.082031 0.596680 0.083008 0.595703 0.083008 0.586914 0.082031 0.585938 0.083008 0.584961 0.083008 0.574219 0.082031 0.573242 0.082031 0.570312 0.081055 0.569336 0.081055 0.564453 0.079102 0.561523 0.079102 0.557617 0.078125 0.556641 0.078125 0.552734 0.077148 0.551758 0.077148 0.545898 0.076172 0.544922 0.076172 0.542969 0.073242 0.541016
1 0.153320 0.535156 0.152344 0.536133 0.153320 0.536133 0.156250 0.539062 0.156250 0.540039 0.158203 0.541992 0.158203 0.541016 0.160156 0.539062 0.161133 0.540039 0.162109 0.540039 0.163086 0.541016 0.163086 0.546875 0.162109 0.547852 0.162109 0.550781 0.161133 0.551758 0.161133 0.554688 0.162109 0.555664 0.162109 0.561523 0.161133 0.562500 0.161133 0.565430 0.159180 0.567383 0.159180 0.571289 0.158203 0.572266 0.159180 0.573242 0.160156 0.573242 0.161133 0.574219 0.161133 0.580078 0.162109 0.581055 0.162109 0.585938 0.166016 0.589844 0.166016 0.591797 0.166992 0.590820 0.167969 0.590820 0.168945 0.591797 0.169922 0.591797 0.169922 0.588867 0.168945 0.587891 0.168945 0.534180 0.161133 0.534180 0.160156 0.535156
1 0.692383 0.530273 0.691406 0.531250 0.691406 0.532227 0.690430 0.533203 0.690430 0.536133 0.689453 0.537109 0.689453 0.542969 0.690430 0.543945 0.690430 0.545898 0.691406 0.546875 0.691406 0.547852 0.692383 0.548828 0.692383 0.551758 0.693359 0.552734 0.693359 0.553711 0.694336 0.554688 0.694336 0.556641 0.693359 0.557617 0.694336 0.556641 0.695312 0.557617 0.695312 0.558594 0.695312 0.556641 0.696289 0.555664 0.696289 0.552734 0.698242 0.550781 0.698242 0.549805 0.699219 0.548828 0.699219 0.546875 0.700195 0.545898 0.700195 0.544922 0.701172 0.543945 0.701172 0.541016 0.702148 0.540039 0.702148 0.534180 0.701172 0.533203 0.701172 0.532227 0.700195 0.531250 0.699219 0.531250 0.698242 0.532227 0.695312 0.532227 0.694336 0.531250 0.694336 0.530273
1 0.812500 0.528320 0.811523 0.529297 0.810547 0.529297 0.810547 0.530273 0.808594 0.532227 0.808594 0.533203 0.806641 0.535156 0.806641 0.536133 0.804688 0.538086 0.804688 0.539062 0.805664 0.540039 0.805664 0.541016 0.807617 0.542969 0.807617 0.543945 0.808594 0.544922 0.809570 0.544922 0.810547 0.545898 0.810547 0.547852 0.811523 0.548828 0.811523 0.549805 0.814453 0.552734 0.814453 0.553711 0.815430 0.554688 0.814453 0.555664 0.815430 0.554688 0.816406 0.554688 0.818359 0.556641 0.818359 0.555664 0.820312 0.553711 0.820312 0.552734 0.829102 0.543945 0.829102 0.542969 0.830078 0.541992 0.831055 0.541992 0.831055 0.540039 0.832031 0.539062 0.832031 0.538086 0.833008 0.537109 0.833008 0.536133 0.833984 0.535156 0.833984 0.534180 0.832031 0.532227 0.832031 0.531250 0.831055 0.531250 0.830078 0.530273 0.821289 0.530273 0.820312 0.531250 0.818359 0.531250 0.817383 0.530273 0.817383 0.529297 0.816406 0.528320 0.815430 0.528320 0.814453 0.529297 0.813477 0.529297
1 0.343750 0.526367 0.342773 0.526367 0.341797 0.528320 0.340820 0.526367 0.335938 0.526367 0.334961 0.528320 0.334961 0.531250 0.335938 0.532227 0.335938 0.536133 0.334961 0.538086 0.336914 0.541016 0.335938 0.542969 0.335938 0.545898 0.335938 0.543945 0.336914 0.542969 0.337891 0.543945 0.337891 0.550781 0.338867 0.552734 0.337891 0.553711 0.336914 0.552734 0.336914 0.553711 0.337891 0.554688 0.337891 0.558594 0.338867 0.559570 0.338867 0.561523 0.337891 0.562500 0.337891 0.564453 0.333984 0.569336 0.332031 0.567383 0.332031 0.566406 0.331055 0.567383 0.330078 0.566406 0.332031 0.562500 0.332031 0.558594 0.333008 0.557617 0.332031 0.556641 0.332031 0.554688 0.333008 0.553711 0.332031 0.552734 0.333008 0.550781 0.332031 0.549805 0.332031 0.542969 0.331055 0.541992 0.331055 0.541016 0.333008 0.539062 0.332031 0.540039 0.330078 0.536133 0.328125 0.537109 0.328125 0.539062 0.326172 0.540039 0.326172 0.548828 0.327148 0.549805 0.327148 0.552734 0.328125 0.553711 0.328125 0.556641 0.329102 0.557617 0.329102 0.559570 0.328125 0.560547 0.328125 0.566406 0.329102 0.565430 0.331055 0.567383 0.331055 0.573242 0.328125 0.577148 0.328125 0.583008 0.327148 0.583984 0.328125 0.585938 0.328125 0.588867 0.329102 0.589844 0.329102 0.600586 0.330078 0.601562 0.330078 0.605469 0.329102 0.606445 0.328125 0.605469 0.328125 0.615234 0.325195 0.621094 0.324219 0.629883 0.323242 0.630859 0.321289 0.630859 0.321289 0.632812 0.322266 0.633789 0.321289 0.635742 0.321289 0.641602 0.322266 0.639648 0.324219 0.639648 0.325195 0.638672 0.327148 0.642578 0.329102 0.638672 0.332031 0.636719 0.332031 0.634766 0.333984 0.631836 0.333984 0.628906 0.333008 0.627930 0.333984 0.626953 0.333984 0.620117 0.333008 0.619141 0.333008 0.614258 0.333984 0.613281 0.333984 0.609375 0.334961 0.608398 0.337891 0.614258 0.337891 0.621094 0.336914 0.622070 0.338867 0.625977 0.338867 0.630859 0.341797 0.630859 0.343750 0.631836 0.348633 0.627930 0.349609 0.628906 0.349609 0.630859 0.349609 0.628906 0.348633 0.627930 0.350586 0.625000 0.351562 0.625977 0.351562 0.621094 0.350586 0.619141 0.352539 0.615234 0.352539 0.559570 0.351562 0.559570 0.351562 0.560547 0.349609 0.561523 0.346680 0.558594 0.347656 0.556641 0.348633 0.557617 0.348633 0.554688 0.347656 0.553711 0.347656 0.550781 0.346680 0.549805 0.346680 0.542969 0.344727 0.540039 0.344727 0.537109 0.343750 0.536133 0.343750 0.534180 0.344727 0.533203 0.343750 0.532227 0.344727 0.531250 0.343750 0.530273
1 0.391602 0.524414 0.391602 0.541992 0.392578 0.542969 0.392578 0.560547 0.393555 0.561523 0.394531 0.560547 0.395508 0.560547 0.396484 0.561523 0.396484 0.563477 0.397461 0.563477 0.399414 0.561523 0.400391 0.562500 0.400391 0.564453 0.401367 0.565430 0.401367 0.569336 0.402344 0.570312 0.402344 0.573242 0.403320 0.574219 0.403320 0.575195 0.404297 0.574219 0.406250 0.574219 0.407227 0.573242 0.409180 0.575195 0.409180 0.581055 0.410156 0.582031 0.410156 0.585938 0.411133 0.586914 0.411133 0.587891 0.413086 0.587891 0.414062 0.586914 0.415039 0.586914 0.416016 0.587891 0.416016 0.590820 0.416992 0.591797 0.416992 0.592773 0.417969 0.593750 0.417969 0.596680 0.418945 0.597656 0.418945 0.600586 0.419922 0.601562 0.419922 0.602539 0.420898 0.603516 0.420898 0.604492 0.421875 0.604492 0.423828 0.602539 0.424805 0.603516 0.427734 0.603516 0.427734 0.601562 0.428711 0.600586 0.428711 0.592773 0.427734 0.591797 0.428711 0.590820 0.428711 0.589844 0.429688 0.588867 0.429688 0.585938 0.430664 0.584961 0.430664 0.583984 0.431641 0.583008 0.432617 0.583008 0.433594 0.582031 0.433594 0.581055 0.436523 0.578125 0.437500 0.578125 0.438477 0.577148 0.438477 0.572266 0.440430 0.570312 0.442383 0.572266 0.443359 0.572266 0.444336 0.571289 0.445312 0.571289 0.445312 0.553711 0.444336 0.552734 0.444336 0.549805 0.443359 0.549805 0.442383 0.548828 0.442383 0.544922 0.443359 0.543945 0.443359 0.542969 0.444336 0.541992 0.443359 0.541016 0.443359 0.523438 0.442383 0.522461 0.420898 0.522461 0.419922 0.523438 0.399414 0.523438 0.398438 0.524414
1 1.620117 0.506836 1.601562 0.506836 1.598633 0.509766 1.598633 0.512695 1.599609 0.513672 1.598633 0.514648 1.598633 0.520508 1.599609 0.520508 1.599609 0.518555 1.600586 0.517578 1.602539 0.519531 1.602539 0.522461 1.604492 0.524414 1.604492 0.525391 1.605469 0.524414 1.608398 0.524414 1.610352 0.526367 1.610352 0.523438 1.612305 0.521484 1.614258 0.521484 1.616211 0.519531 1.616211 0.517578 1.617188 0.516602 1.617188 0.515625 1.618164 0.514648 1.618164 0.513672 1.619141 0.512695 1.619141 0.510742 1.620117 0.509766
1 1.589844 0.506836 1.549805 0.506836 1.549805 0.522461 1.550781 0.523438 1.550781 0.587891 1.551758 0.588867 1.552734 0.692383 1.555664 0.688477 1.559570 0.688477 1.564453 0.685547 1.576172 0.673828 1.578125 0.674805 1.581055 0.671875 1.580078 0.668945 1.583008 0.665039 1.584961 0.666016 1.587891 0.661133 1.592773 0.661133 1.594727 0.657227 1.596680 0.658203 1.600586 0.649414 1.599609 0.645508 1.600586 0.644531 1.601562 0.635742 1.599609 0.632812 1.600586 0.631836 1.599609 0.630859 1.599609 0.627930 1.601562 0.624023 1.603516 0.625977 1.603516 0.624023 1.606445 0.621094 1.608398 0.621094 1.610352 0.623047 1.612305 0.621094 1.619141 0.628906 1.620117 0.626953 1.625977 0.627930 1.628906 0.625000 1.630859 0.625977 1.633789 0.625000 1.640625 0.625977 1.641602 0.624023 1.643555 0.624023 1.642578 0.622070 1.643555 0.621094 1.665039 0.620117 1.667969 0.618164 1.667969 0.611328 1.668945 0.610352 1.668945 0.603516 1.667969 0.602539 1.667969 0.595703 1.668945 0.594727 1.667969 0.593750 1.668945 0.591797 1.667969 0.573242 1.664062 0.572266 1.659180 0.582031 1.659180 0.584961 1.655273 0.593750 1.658203 0.594727 1.656250 0.596680 1.653320 0.596680 1.652344 0.597656 1.648438 0.595703 1.648438 0.601562 1.644531 0.606445 1.641602 0.606445 1.639648 0.609375 1.640625 0.610352 1.638672 0.611328 1.633789 0.606445 1.632812 0.600586 1.627930 0.595703 1.626953 0.588867 1.623047 0.585938 1.624023 0.583984 1.623047 0.582031 1.619141 0.582031 1.618164 0.583984 1.617188 0.583008 1.617188 0.578125 1.613281 0.574219 1.614258 0.572266 1.615234 0.573242 1.613281 0.570312 1.613281 0.566406 1.612305 0.565430 1.613281 0.559570 1.612305 0.558594 1.615234 0.556641 1.614258 0.555664 1.614258 0.552734 1.618164 0.547852 1.617188 0.542969 1.612305 0.540039 1.607422 0.539062 1.605469 0.537109 1.603516 0.532227 1.597656 0.533203 1.593750 0.531250 1.594727 0.529297 1.592773 0.528320 1.589844 0.529297 1.588867 0.528320 1.589844 0.526367 1.586914 0.523438 1.587891 0.517578 1.585938 0.514648 1.585938 0.511719 1.586914 0.510742 1.589844 0.511719 1.588867 0.510742
1 1.316406 0.507812 1.317383 0.559570 1.338867 0.551758 1.346680 0.554688 1.361328 0.571289 1.345703 0.575195 1.344727 0.586914 1.335938 0.597656 1.337891 0.607422 1.329102 0.627930 1.318359 0.629883 1.321289 0.811523 1.292969 0.814453 1.291016 0.829102 1.294922 0.828125 1.293945 0.837891 1.298828 0.840820 1.297852 0.848633 1.307617 0.857422 1.303711 0.875000 1.309570 0.886719 1.291992 0.884766 1.284180 0.896484 1.270508 0.903320 1.274414 0.916992 1.271484 0.917969 1.288086 0.921875 1.293945 0.909180 1.307617 0.920898 1.304688 0.942383 1.313477 0.942383 1.310547 0.949219 1.313477 0.953125 1.312500 0.948242 1.316406 0.949219 1.316406 0.961914 1.300781 0.970703 1.298828 0.986328 1.317383 0.992188 1.321289 0.987305 1.318359 0.980469 1.328125 0.983398 1.344727 0.971680 1.346680 0.962891 1.342773 0.956055 1.348633 0.948242 1.344727 0.932617 1.356445 0.926758 1.358398 0.930664 1.365234 0.924805 1.370117 0.908203 1.359375 0.907227 1.354492 0.903320 1.354492 0.894531 1.349609 0.896484 1.338867 0.885742 1.347656 0.859375 1.333008 0.852539 1.332031 0.841797 1.326172 0.835938 1.330078 0.825195 1.325195 0.816406 1.330078 0.815430 1.327148 0.804688 1.333984 0.802734 1.337891 0.791016 1.342773 0.792969 1.348633 0.788086 1.350586 0.792969 1.362305 0.793945 1.367188 0.814453 1.374023 0.812500 1.375977 0.820312 1.386719 0.828125 1.382812 0.837891 1.383789 0.848633 1.387695 0.850586 1.384766 0.866211 1.390625 0.873047 1.390625 0.898438 1.397461 0.908203 1.398438 0.921875 1.405273 0.926758 1.405273 0.939453 1.398438 0.945312 1.388672 0.938477 1.391602 0.927734 1.387695 0.925781 1.387695 0.916016 1.374023 0.919922 1.371094 0.926758 1.372070 0.935547 1.376953 0.937500 1.376953 0.952148 1.372070 0.954102 1.373047 0.965820 1.384766 0.973633 1.382812 0.983398 1.402344 0.988281 1.409180 0.994141 1.408203 0.998047 1.415039 1.000977 1.403320 1.014648 1.386719 0.988281 1.375977 0.988281 1.369141 1.000977 1.370117 1.026367 1.375977 1.027344 1.377930 1.036133 1.389648 1.039062 1.390625 1.053711 1.427734 1.053711 1.420898 1.050781 1.417969 1.036133 1.428711 1.038086 1.437500 1.031250 1.443359 1.042969 1.449219 1.045898 1.449219 1.053711 1.457031 1.053711 1.449219 0.506836
1 0.103516 0.503906 0.100586 0.503906 0.100586 0.508789 0.098633 0.510742 0.098633 0.511719 0.099609 0.512695 0.099609 0.513672 0.097656 0.515625 0.097656 0.516602 0.096680 0.517578 0.096680 0.518555 0.097656 0.519531 0.096680 0.520508 0.096680 0.523438 0.096680 0.521484 0.097656 0.520508 0.098633 0.521484 0.098633 0.528320 0.098633 0.527344 0.102539 0.523438 0.103516 0.524414 0.103516 0.525391 0.103516 0.524414 0.104492 0.523438 0.104492 0.506836 0.103516 0.505859
1 0.123047 0.500977 0.123047 0.501953 0.124023 0.502930 0.124023 0.512695 0.123047 0.513672 0.122070 0.512695 0.122070 0.511719 0.121094 0.512695 0.121094 0.516602 0.122070 0.517578 0.122070 0.525391 0.123047 0.526367 0.123047 0.529297 0.124023 0.528320 0.124023 0.526367 0.123047 0.525391 0.123047 0.524414 0.124023 0.523438 0.126953 0.523438 0.127930 0.524414 0.126953 0.525391 0.126953 0.527344 0.127930 0.527344 0.128906 0.526367 0.128906 0.524414 0.127930 0.523438 0.127930 0.515625 0.128906 0.514648 0.128906 0.506836 0.127930 0.505859 0.127930 0.503906 0.128906 0.502930 0.128906 0.501953 0.128906 0.502930 0.127930 0.503906 0.126953 0.503906 0.125977 0.502930 0.125977 0.501953 0.125000 0.501953 0.124023 0.502930 0.123047 0.501953
1 0.147461 0.500000 0.144531 0.502930 0.144531 0.503906 0.143555 0.504883 0.142578 0.504883 0.141602 0.503906 0.141602 0.501953 0.141602 0.503906 0.142578 0.504883 0.142578 0.509766 0.143555 0.510742 0.143555 0.513672 0.144531 0.514648 0.144531 0.515625 0.146484 0.517578 0.146484 0.518555 0.146484 0.517578 0.147461 0.516602 0.147461 0.510742 0.148438 0.509766 0.148438 0.507812 0.149414 0.506836 0.149414 0.505859 0.148438 0.504883 0.148438 0.503906 0.147461 0.502930
1 0.039062 0.492188 0.039062 0.501953 0.040039 0.502930 0.041016 0.502930 0.041016 0.496094 0.040039 0.495117 0.040039 0.492188
1 0.141602 0.473633 0.140625 0.474609 0.134766 0.474609 0.134766 0.477539 0.135742 0.478516 0.135742 0.480469 0.136719 0.481445 0.136719 0.483398 0.135742 0.484375 0.135742 0.497070 0.135742 0.494141 0.136719 0.493164 0.136719 0.491211 0.137695 0.490234 0.137695 0.489258 0.138672 0.488281 0.138672 0.487305 0.139648 0.486328 0.139648 0.479492 0.140625 0.478516 0.141602 0.478516
1 0.157227 0.471680 0.157227 0.474609 0.158203 0.475586 0.158203 0.477539 0.157227 0.478516 0.157227 0.480469 0.156250 0.481445 0.158203 0.483398 0.158203 0.491211 0.158203 0.488281 0.159180 0.487305 0.160156 0.488281 0.160156 0.490234 0.161133 0.491211 0.161133 0.493164 0.162109 0.494141 0.162109 0.495117 0.163086 0.496094 0.163086 0.498047 0.163086 0.495117 0.164062 0.494141 0.164062 0.489258 0.165039 0.488281 0.165039 0.487305 0.164062 0.486328 0.164062 0.480469 0.162109 0.478516 0.162109 0.475586 0.161133 0.475586 0.160156 0.476562 0.159180 0.475586 0.158203 0.475586 0.157227 0.474609
1 0.490234 0.462891 0.487305 0.462891 0.487305 0.463867 0.486328 0.464844 0.485352 0.463867 0.483398 0.465820 0.483398 0.469727 0.482422 0.470703 0.483398 0.471680 0.483398 0.473633 0.482422 0.474609 0.482422 0.475586 0.483398 0.476562 0.482422 0.477539 0.483398 0.478516 0.482422 0.479492 0.482422 0.483398 0.483398 0.484375 0.484375 0.483398 0.484375 0.482422 0.486328 0.480469 0.487305 0.481445 0.487305 0.483398 0.488281 0.483398 0.489258 0.484375 0.490234 0.483398 0.490234 0.482422 0.491211 0.481445 0.491211 0.478516 0.492188 0.477539 0.492188 0.473633 0.493164 0.472656 0.493164 0.467773 0.492188 0.466797 0.492188 0.465820 0.491211 0.464844 0.491211 0.463867
1 0.304688 0.453125 0.304688 0.454102 0.303711 0.455078 0.303711 0.458984 0.302734 0.459961 0.302734 0.460938 0.303711 0.461914 0.303711 0.465820 0.304688 0.466797 0.304688 0.467773 0.305664 0.468750 0.307617 0.468750 0.307617 0.465820 0.309570 0.463867 0.309570 0.458984 0.308594 0.458008 0.308594 0.454102 0.309570 0.453125
1 0.585938 0.448242 0.583984 0.450195 0.583984 0.451172 0.583008 0.452148 0.583008 0.453125 0.582031 0.454102 0.582031 0.455078 0.581055 0.456055 0.581055 0.460938 0.580078 0.461914 0.580078 0.471680 0.582031 0.471680 0.583008 0.472656 0.584961 0.472656 0.584961 0.469727 0.585938 0.468750 0.586914 0.468750 0.588867 0.466797 0.588867 0.461914 0.587891 0.460938 0.587891 0.458984 0.588867 0.458008 0.588867 0.454102 0.586914 0.452148 0.586914 0.449219
1 1.014648 0.447266 1.013672 0.448242 1.013672 0.449219 1.012695 0.450195 1.012695 0.454102 1.013672 0.455078 1.013672 0.456055 1.015625 0.458008 1.016602 0.458008 1.017578 0.458984 1.019531 0.458984 1.024414 0.463867 1.024414 0.465820 1.025391 0.465820 1.027344 0.467773 1.027344 0.468750 1.025391 0.470703 1.023438 0.470703 1.023438 0.471680 1.024414 0.472656 1.027344 0.469727 1.028320 0.469727 1.029297 0.468750 1.030273 0.469727 1.030273 0.470703 1.029297 0.471680 1.030273 0.472656 1.031250 0.472656 1.031250 0.470703 1.029297 0.468750 1.030273 0.467773 1.031250 0.467773 1.031250 0.466797 1.032227 0.465820 1.033203 0.465820 1.033203 0.458008 1.032227 0.457031 1.032227 0.454102 1.031250 0.454102 1.029297 0.456055 1.026367 0.456055 1.025391 0.455078 1.026367 0.454102 1.025391 0.454102 1.024414 0.455078 1.023438 0.454102 1.023438 0.453125 1.024414 0.452148 1.027344 0.452148 1.025391 0.450195 1.023438 0.450195 1.022461 0.451172 1.021484 0.451172 1.020508 0.450195 1.020508 0.449219 1.018555 0.447266
1 0.376953 0.444336 0.373047 0.444336 0.372070 0.445312 0.368164 0.445312 0.368164 0.449219 0.367188 0.450195 0.367188 0.451172 0.366211 0.452148 0.366211 0.454102 0.365234 0.455078 0.365234 0.456055 0.363281 0.458008 0.363281 0.462891 0.364258 0.463867 0.364258 0.467773 0.365234 0.467773 0.366211 0.466797 0.368164 0.468750 0.369141 0.468750 0.370117 0.469727 0.370117 0.473633 0.370117 0.472656 0.371094 0.471680 0.371094 0.470703 0.372070 0.469727 0.374023 0.469727 0.375000 0.468750 0.375000 0.467773 0.375977 0.466797 0.376953 0.466797 0.377930 0.465820 0.377930 0.457031 0.376953 0.456055 0.377930 0.455078 0.378906 0.455078 0.379883 0.454102 0.378906 0.453125 0.379883 0.452148 0.378906 0.451172 0.378906 0.450195 0.376953 0.448242
1 0.579102 0.439453 0.577148 0.439453 0.577148 0.445312 0.576172 0.446289 0.573242 0.446289 0.573242 0.453125 0.574219 0.454102 0.575195 0.453125 0.577148 0.453125 0.577148 0.449219 0.578125 0.448242 0.578125 0.447266 0.579102 0.446289 0.580078 0.446289 0.580078 0.441406 0.579102 0.440430
1 0.183594 0.422852 0.183594 0.424805 0.182617 0.425781 0.182617 0.447266 0.183594 0.448242 0.183594 0.451172 0.184570 0.452148 0.184570 0.455078 0.185547 0.456055 0.185547 0.458008 0.186523 0.458984 0.188477 0.458984 0.189453 0.458008 0.190430 0.458008 0.191406 0.457031 0.191406 0.455078 0.192383 0.454102 0.192383 0.451172 0.193359 0.450195 0.193359 0.434570 0.193359 0.435547 0.192383 0.436523 0.192383 0.437500 0.191406 0.438477 0.188477 0.438477 0.186523 0.436523 0.186523 0.434570 0.185547 0.433594 0.185547 0.429688 0.184570 0.428711 0.184570 0.423828
1 1.174805 0.414062 1.174805 0.416016 1.175781 0.416992 1.178711 0.416992 1.179688 0.416016 1.180664 0.416016 1.182617 0.417969 1.182617 0.418945 1.184570 0.418945 1.186523 0.416992 1.189453 0.416992 1.188477 0.416016 1.190430 0.414062 1.190430 0.411133 1.176758 0.411133 1.176758 0.412109
1 0.059570 0.394531 0.059570 0.397461 0.060547 0.398438 0.059570 0.399414 0.059570 0.402344 0.060547 0.403320 0.060547 0.404297 0.059570 0.405273 0.058594 0.405273 0.058594 0.406250 0.059570 0.407227 0.059570 0.414062 0.060547 0.414062 0.060547 0.395508
1 0.339844 0.383789 0.338867 0.384766 0.338867 0.387695 0.337891 0.388672 0.337891 0.393555 0.338867 0.393555 0.338867 0.391602 0.339844 0.390625 0.338867 0.389648 0.339844 0.388672 0.339844 0.387695 0.340820 0.386719 0.340820 0.384766
1 0.167969 0.371094 0.167969 0.395508 0.168945 0.396484 0.168945 0.404297 0.168945 0.402344 0.169922 0.401367 0.169922 0.397461 0.170898 0.396484 0.170898 0.392578 0.169922 0.391602 0.170898 0.390625 0.170898 0.387695 0.169922 0.386719 0.169922 0.379883 0.168945 0.378906 0.168945 0.376953 0.167969 0.375977 0.167969 0.375000 0.168945 0.374023 0.168945 0.373047 0.167969 0.372070
1 0.018555 0.360352 0.017578 0.361328 0.017578 0.370117 0.017578 0.369141 0.019531 0.367188 0.019531 0.363281 0.018555 0.363281 0.017578 0.362305 0.018555 0.361328
1 0.100586 0.352539 0.100586 0.359375 0.099609 0.360352 0.099609 0.367188 0.098633 0.368164 0.099609 0.369141 0.099609 0.371094 0.100586 0.370117 0.101562 0.370117 0.101562 0.369141 0.100586 0.368164
1 0.078125 0.344727 0.076172 0.346680 0.077148 0.347656 0.077148 0.348633 0.076172 0.349609 0.076172 0.350586 0.077148 0.351562 0.077148 0.353516 0.077148 0.352539 0.079102 0.350586 0.078125 0.349609
1 0.070312 0.333984 0.070312 0.334961 0.069336 0.335938 0.069336 0.343750 0.070312 0.344727 0.070312 0.336914 0.071289 0.335938 0.070312 0.334961
1 0.180664 0.327148 0.180664 0.328125 0.179688 0.329102 0.179688 0.332031 0.178711 0.333008 0.178711 0.337891 0.177734 0.338867 0.177734 0.348633 0.176758 0.349609 0.176758 0.354492 0.177734 0.355469 0.177734 0.357422 0.178711 0.358398 0.178711 0.360352 0.179688 0.360352 0.180664 0.361328 0.180664 0.360352 0.181641 0.359375 0.182617 0.359375 0.183594 0.360352 0.183594 0.361328 0.183594 0.332031 0.182617 0.331055 0.182617 0.329102
1 0.087891 0.304688 0.087891 0.305664 0.085938 0.308594 0.084961 0.308594 0.083984 0.307617 0.083984 0.310547 0.083008 0.311523 0.083008 0.312500 0.083984 0.313477 0.083984 0.314453 0.083008 0.315430 0.083984 0.316406 0.083984 0.322266 0.083008 0.323242 0.083008 0.325195 0.083984 0.326172 0.083008 0.327148 0.083008 0.344727 0.082031 0.345703 0.082031 0.347656 0.081055 0.348633 0.081055 0.351562 0.080078 0.352539 0.080078 0.357422 0.081055 0.358398 0.081055 0.362305 0.082031 0.363281 0.081055 0.364258 0.081055 0.366211 0.080078 0.367188 0.080078 0.375000 0.079102 0.375977 0.079102 0.382812 0.078125 0.383789 0.078125 0.389648 0.079102 0.390625 0.079102 0.393555 0.080078 0.393555 0.081055 0.394531 0.081055 0.397461 0.083008 0.399414 0.083008 0.400391 0.083984 0.401367 0.083984 0.405273 0.085938 0.408203 0.085938 0.398438 0.086914 0.397461 0.086914 0.393555 0.087891 0.392578 0.089844 0.394531 0.089844 0.406250 0.090820 0.406250 0.090820 0.404297 0.093750 0.399414 0.093750 0.395508 0.094727 0.394531 0.095703 0.394531 0.095703 0.391602 0.096680 0.390625 0.096680 0.389648 0.095703 0.388672 0.095703 0.372070 0.092773 0.367188 0.093750 0.366211 0.092773 0.365234 0.093750 0.364258 0.093750 0.363281 0.092773 0.364258 0.091797 0.363281 0.090820 0.364258 0.089844 0.363281 0.089844 0.361328 0.088867 0.360352 0.088867 0.359375 0.088867 0.361328 0.087891 0.362305 0.085938 0.360352 0.085938 0.354492 0.086914 0.353516 0.086914 0.348633 0.085938 0.347656 0.085938 0.343750 0.086914 0.342773 0.085938 0.341797 0.086914 0.340820 0.087891 0.340820 0.087891 0.334961 0.088867 0.333984 0.087891 0.333008 0.087891 0.330078 0.088867 0.329102 0.088867 0.323242 0.089844 0.322266 0.090820 0.323242 0.090820 0.334961 0.091797 0.335938 0.091797 0.337891 0.090820 0.338867 0.090820 0.340820 0.092773 0.343750 0.092773 0.349609 0.093750 0.348633 0.093750 0.345703 0.094727 0.344727 0.094727 0.342773 0.093750 0.341797 0.093750 0.331055 0.095703 0.329102 0.095703 0.320312 0.094727 0.319336 0.094727 0.314453 0.093750 0.314453 0.092773 0.313477 0.092773 0.314453 0.091797 0.315430 0.091797 0.320312 0.090820 0.321289 0.089844 0.321289 0.088867 0.320312 0.088867 0.317383 0.087891 0.316406 0.087891 0.312500 0.088867 0.311523 0.088867 0.310547 0.086914 0.308594 0.087891 0.307617
1 0.345703 0.291992 0.344727 0.292969 0.343750 0.291992 0.340820 0.294922 0.340820 0.295898 0.339844 0.296875 0.339844 0.298828 0.338867 0.299805 0.338867 0.304688 0.339844 0.305664 0.338867 0.306641 0.338867 0.310547 0.337891 0.311523 0.337891 0.317383 0.336914 0.318359 0.334961 0.318359 0.334961 0.321289 0.335938 0.322266 0.335938 0.324219 0.334961 0.325195 0.332031 0.326172 0.330078 0.329102 0.330078 0.332031 0.331055 0.333008 0.332031 0.335938 0.333984 0.337891 0.333984 0.338867 0.334961 0.338867 0.337891 0.340820 0.337891 0.356445 0.336914 0.357422 0.336914 0.358398 0.337891 0.359375 0.337891 0.364258 0.339844 0.366211 0.339844 0.367188 0.342773 0.372070 0.342773 0.379883 0.343750 0.380859 0.343750 0.382812 0.344727 0.383789 0.344727 0.388672 0.344727 0.386719 0.345703 0.385742 0.346680 0.386719 0.346680 0.390625 0.347656 0.391602 0.347656 0.392578 0.346680 0.393555 0.345703 0.393555 0.345703 0.394531 0.344727 0.395508 0.344727 0.397461 0.345703 0.398438 0.345703 0.400391 0.344727 0.401367 0.343750 0.404297 0.342773 0.405273 0.341797 0.405273 0.341797 0.408203 0.340820 0.409180 0.339844 0.408203 0.339844 0.409180 0.338867 0.410156 0.338867 0.414062 0.339844 0.415039 0.338867 0.416016 0.338867 0.420898 0.339844 0.421875 0.339844 0.428711 0.340820 0.428711 0.341797 0.429688 0.341797 0.430664 0.342773 0.430664 0.342773 0.423828 0.343750 0.422852 0.343750 0.418945 0.344727 0.417969 0.343750 0.415039 0.345703 0.413086 0.346680 0.414062 0.346680 0.415039 0.347656 0.416016 0.347656 0.419922 0.348633 0.420898 0.349609 0.420898 0.349609 0.418945 0.350586 0.417969 0.350586 0.369141 0.349609 0.368164 0.349609 0.304688 0.348633 0.304688 0.347656 0.303711 0.347656 0.300781 0.346680 0.299805 0.347656 0.296875 0.347656 0.297852 0.346680 0.298828 0.345703 0.297852
1 0.060547 0.288086 0.060547 0.333008 0.061523 0.333984 0.061523 0.393555 0.061523 0.391602 0.062500 0.390625 0.062500 0.387695 0.063477 0.386719 0.062500 0.385742 0.062500 0.376953 0.063477 0.375977 0.063477 0.370117 0.064453 0.369141 0.064453 0.361328 0.065430 0.360352 0.065430 0.354492 0.064453 0.353516 0.064453 0.352539 0.065430 0.351562 0.065430 0.350586 0.064453 0.349609 0.064453 0.348633 0.065430 0.347656 0.065430 0.330078 0.064453 0.329102 0.064453 0.326172 0.065430 0.325195 0.065430 0.320312 0.066406 0.319336 0.067383 0.320312 0.067383 0.322266 0.067383 0.314453 0.066406 0.313477 0.067383 0.312500 0.067383 0.303711 0.066406 0.302734 0.066406 0.301758 0.065430 0.300781 0.065430 0.295898 0.063477 0.295898 0.061523 0.293945 0.061523 0.290039 0.060547 0.289062
1 1.603516 0.286133 1.602539 0.287109 1.599609 0.287109 1.599609 0.289062 1.600586 0.290039 1.600586 0.291016 1.601562 0.291992 1.600586 0.292969 1.599609 0.292969 1.599609 0.294922 1.598633 0.295898 1.598633 0.299805 1.597656 0.300781 1.596680 0.300781 1.594727 0.302734 1.595703 0.303711 1.595703 0.305664 1.596680 0.306641 1.596680 0.307617 1.598633 0.309570 1.597656 0.310547 1.597656 0.312500 1.595703 0.314453 1.595703 0.315430 1.593750 0.317383 1.593750 0.318359 1.594727 0.318359 1.594727 0.316406 1.596680 0.314453 1.597656 0.315430 1.597656 0.325195 1.598633 0.326172 1.598633 0.327148 1.597656 0.328125 1.597656 0.329102 1.598633 0.330078 1.598633 0.333008 1.595703 0.335938 1.594727 0.335938 1.594727 0.338867 1.595703 0.338867 1.598633 0.341797 1.600586 0.339844 1.600586 0.335938 1.601562 0.334961 1.601562 0.333984 1.603516 0.332031 1.603516 0.330078 1.605469 0.328125 1.606445 0.329102 1.606445 0.330078 1.606445 0.328125 1.605469 0.328125 1.604492 0.329102 1.603516 0.328125 1.603516 0.325195 1.602539 0.324219 1.602539 0.323242 1.603516 0.322266 1.604492 0.322266 1.605469 0.323242 1.605469 0.324219 1.606445 0.325195 1.606445 0.326172 1.606445 0.320312 1.604492 0.318359 1.604492 0.316406 1.603516 0.315430 1.603516 0.304688 1.604492 0.303711 1.604492 0.302734 1.605469 0.301758 1.605469 0.300781 1.606445 0.299805 1.606445 0.291016 1.605469 0.290039 1.605469 0.289062 1.603516 0.287109
1 0.141602 0.285156 0.140625 0.286133 0.140625 0.298828 0.141602 0.298828 0.142578 0.297852 0.142578 0.296875 0.144531 0.294922 0.144531 0.290039 0.145508 0.289062 0.144531 0.289062 0.143555 0.288086 0.143555 0.287109
1 0.041992 0.273438 0.041992 0.280273 0.040039 0.282227 0.041016 0.283203 0.041016 0.285156 0.040039 0.286133 0.040039 0.291016 0.038086 0.292969 0.038086 0.295898 0.037109 0.296875 0.037109 0.301758 0.038086 0.302734 0.038086 0.303711 0.037109 0.304688 0.038086 0.305664 0.038086 0.307617 0.039062 0.307617 0.039062 0.302734 0.040039 0.301758 0.040039 0.298828 0.041016 0.297852 0.041016 0.296875 0.041992 0.295898
1 0.151367 0.267578 0.151367 0.272461 0.150391 0.273438 0.149414 0.273438 0.150391 0.274414 0.150391 0.279297 0.149414 0.280273 0.150391 0.281250 0.150391 0.286133 0.151367 0.287109 0.153320 0.287109 0.153320 0.284180 0.154297 0.283203 0.154297 0.281250 0.155273 0.280273 0.155273 0.274414 0.156250 0.273438 0.156250 0.268555 0.156250 0.270508 0.155273 0.271484 0.155273 0.272461 0.154297 0.273438 0.153320 0.273438 0.152344 0.272461 0.152344 0.270508 0.151367 0.269531
1 1.446289 0.241211 1.446289 0.282227 1.447266 0.282227 1.448242 0.281250 1.451172 0.281250 1.452148 0.280273 1.455078 0.280273 1.456055 0.281250 1.458008 0.281250 1.458984 0.280273 1.459961 0.280273 1.459961 0.279297 1.460938 0.278320 1.460938 0.277344 1.461914 0.276367 1.461914 0.272461 1.459961 0.270508 1.459961 0.268555 1.458984 0.267578 1.458984 0.263672 1.459961 0.262695 1.458984 0.261719 1.458984 0.260742 1.458008 0.259766 1.458008 0.258789 1.457031 0.257812 1.457031 0.255859 1.458008 0.254883 1.458008 0.251953 1.457031 0.250977 1.457031 0.250000 1.456055 0.249023 1.456055 0.247070 1.455078 0.246094 1.454102 0.246094 1.453125 0.245117 1.451172 0.245117 1.450195 0.244141 1.448242 0.244141 1.447266 0.243164 1.447266 0.242188
1 0.041016 0.206055 0.038086 0.211914 0.036133 0.208984 0.037109 0.210938 0.036133 0.212891 0.036133 0.221680 0.035156 0.222656 0.036133 0.223633 0.036133 0.228516 0.034180 0.234375 0.033203 0.246094 0.031250 0.250977 0.031250 0.256836 0.033203 0.263672 0.032227 0.266602 0.033203 0.267578 0.033203 0.281250 0.031250 0.282227 0.032227 0.283203 0.029297 0.286133 0.028320 0.285156 0.028320 0.281250 0.027344 0.281250 0.028320 0.284180 0.024414 0.285156 0.023438 0.287109 0.021484 0.320312 0.020508 0.321289 0.018555 0.336914 0.017578 0.337891 0.018555 0.352539 0.019531 0.351562 0.018555 0.348633 0.018555 0.338867 0.020508 0.336914 0.021484 0.337891 0.022461 0.335938 0.024414 0.336914 0.024414 0.344727 0.025391 0.345703 0.024414 0.353516 0.025391 0.352539 0.026367 0.353516 0.026367 0.366211 0.030273 0.370117 0.029297 0.376953 0.030273 0.377930 0.031250 0.388672 0.032227 0.389648 0.031250 0.399414 0.032227 0.400391 0.032227 0.405273 0.034180 0.407227 0.036133 0.418945 0.038086 0.421875 0.038086 0.440430 0.037109 0.441406 0.037109 0.446289 0.039062 0.453125 0.038086 0.454102 0.038086 0.461914 0.039062 0.462891 0.037109 0.464844 0.036133 0.462891 0.036133 0.468750 0.038086 0.469727 0.037109 0.471680 0.036133 0.470703 0.037109 0.472656 0.039062 0.469727 0.040039 0.461914 0.042969 0.456055 0.042969 0.397461 0.041992 0.399414 0.038086 0.395508 0.036133 0.389648 0.036133 0.385742 0.033203 0.381836 0.033203 0.373047 0.034180 0.372070 0.033203 0.370117 0.034180 0.369141 0.033203 0.367188 0.033203 0.346680 0.034180 0.345703 0.033203 0.339844 0.034180 0.338867 0.034180 0.331055 0.035156 0.330078 0.035156 0.317383 0.034180 0.320312 0.031250 0.317383 0.030273 0.320312 0.030273 0.329102 0.031250 0.330078 0.028320 0.333008 0.027344 0.332031 0.027344 0.311523 0.029297 0.308594 0.030273 0.309570 0.030273 0.314453 0.032227 0.301758 0.033203 0.300781 0.034180 0.302734 0.033203 0.300781 0.034180 0.299805 0.034180 0.291992 0.036133 0.288086 0.037109 0.290039 0.037109 0.281250 0.036133 0.279297 0.038086 0.274414 0.038086 0.270508 0.041016 0.263672 0.040039 0.255859 0.041016 0.254883
1 0.225586 0.205078 0.218750 0.209961 0.217773 0.208984 0.214844 0.216797 0.214844 0.222656 0.209961 0.227539 0.209961 0.233398 0.211914 0.238281 0.210938 0.242188 0.211914 0.240234 0.212891 0.244141 0.208984 0.250977 0.208008 0.256836 0.208984 0.259766 0.207031 0.261719 0.208008 0.263672 0.206055 0.269531 0.207031 0.270508 0.207031 0.286133 0.201172 0.289062 0.200195 0.295898 0.204102 0.333008 0.202148 0.339844 0.203125 0.347656 0.202148 0.348633 0.201172 0.346680 0.202148 0.349609 0.201172 0.359375 0.199219 0.361328 0.200195 0.363281 0.199219 0.370117 0.197266 0.372070 0.196289 0.371094 0.195312 0.362305 0.196289 0.361328 0.195312 0.360352 0.196289 0.359375 0.195312 0.343750 0.197266 0.325195 0.196289 0.324219 0.197266 0.315430 0.195312 0.311523 0.196289 0.310547 0.196289 0.290039 0.197266 0.289062 0.196289 0.286133 0.197266 0.285156 0.193359 0.294922 0.193359 0.382812 0.195312 0.386719 0.196289 0.383789 0.198242 0.384766 0.198242 0.387695 0.199219 0.384766 0.203125 0.388672 0.203125 0.390625 0.204102 0.389648 0.202148 0.386719 0.204102 0.383789 0.203125 0.355469 0.204102 0.348633 0.207031 0.343750 0.208008 0.326172 0.209961 0.324219 0.208984 0.295898 0.210938 0.294922 0.212891 0.297852 0.214844 0.295898 0.217773 0.301758 0.217773 0.294922 0.215820 0.291992 0.216797 0.282227 0.214844 0.274414 0.216797 0.273438 0.214844 0.268555 0.215820 0.266602 0.214844 0.263672 0.215820 0.256836 0.214844 0.255859 0.216797 0.253906 0.217773 0.256836 0.218750 0.255859 0.219727 0.250000 0.221680 0.250000 0.222656 0.252930 0.223633 0.251953 0.226562 0.255859 0.225586 0.259766 0.227539 0.264648 0.226562 0.286133 0.225586 0.287109 0.226562 0.291016 0.224609 0.293945 0.224609 0.300781 0.223633 0.301758 0.222656 0.300781 0.222656 0.303711 0.224609 0.304688 0.224609 0.302734 0.228516 0.298828 0.229492 0.299805 0.228516 0.294922 0.230469 0.284180 0.232422 0.280273 0.236328 0.285156 0.237305 0.288086 0.236328 0.292969 0.238281 0.297852 0.240234 0.298828 0.240234 0.291016 0.241211 0.290039 0.242188 0.291016 0.241211 0.288086 0.244141 0.285156 0.244141 0.280273 0.245117 0.279297 0.246094 0.280273 0.245117 0.279297 0.245117 0.268555 0.246094 0.267578 0.245117 0.259766 0.247070 0.257812 0.247070 0.253906 0.248047 0.252930 0.249023 0.253906 0.250000 0.251953 0.249023 0.247070 0.251953 0.244141 0.250000 0.242188 0.251953 0.231445 0.249023 0.231445 0.228516 0.240234 0.225586 0.239258
1 0.176758 0.201172 0.174805 0.203125 0.173828 0.203125 0.173828 0.204102 0.172852 0.205078 0.172852 0.208008 0.171875 0.208984 0.171875 0.216797 0.170898 0.217773 0.170898 0.228516 0.169922 0.229492 0.169922 0.234375 0.170898 0.235352 0.170898 0.241211 0.171875 0.242188 0.172852 0.242188 0.172852 0.239258 0.173828 0.238281 0.173828 0.235352 0.172852 0.234375 0.172852 0.230469 0.173828 0.229492 0.173828 0.228516 0.172852 0.227539 0.172852 0.226562 0.173828 0.225586 0.173828 0.222656 0.175781 0.220703 0.175781 0.219727 0.176758 0.218750 0.176758 0.213867 0.177734 0.212891 0.177734 0.207031 0.176758 0.206055
1 0.083008 0.191406 0.082031 0.192383 0.082031 0.205078 0.083008 0.206055 0.083008 0.209961 0.082031 0.210938 0.082031 0.214844 0.083008 0.215820
1 0.304688 0.184570 0.304688 0.209961 0.303711 0.210938 0.301758 0.210938 0.298828 0.212891 0.296875 0.212891 0.295898 0.213867 0.293945 0.213867 0.291016 0.215820 0.289062 0.215820 0.286133 0.217773 0.284180 0.217773 0.283203 0.218750 0.282227 0.218750 0.281250 0.219727 0.280273 0.219727 0.280273 0.220703 0.279297 0.221680 0.279297 0.223633 0.278320 0.224609 0.278320 0.231445 0.279297 0.232422 0.279297 0.234375 0.280273 0.235352 0.280273 0.240234 0.279297 0.241211 0.279297 0.242188 0.280273 0.243164 0.279297 0.244141 0.279297 0.247070 0.280273 0.248047 0.280273 0.252930 0.279297 0.253906 0.278320 0.253906 0.279297 0.254883 0.279297 0.259766 0.279297 0.258789 0.280273 0.257812 0.281250 0.257812 0.281250 0.256836 0.282227 0.255859 0.282227 0.251953 0.284180 0.250000 0.285156 0.250000 0.287109 0.248047 0.288086 0.249023 0.288086 0.251953 0.289062 0.250977 0.290039 0.251953 0.290039 0.252930 0.291016 0.251953 0.291016 0.249023 0.291992 0.248047 0.291992 0.247070 0.296875 0.242188 0.298828 0.242188 0.298828 0.241211 0.300781 0.239258 0.301758 0.240234 0.301758 0.242188 0.302734 0.242188 0.302734 0.237305 0.303711 0.236328 0.304688 0.237305 0.304688 0.239258 0.304688 0.237305 0.303711 0.236328 0.304688 0.235352 0.305664 0.235352 0.307617 0.238281 0.307617 0.242188 0.308594 0.243164 0.308594 0.245117 0.308594 0.244141 0.309570 0.243164 0.310547 0.244141 0.310547 0.248047 0.311523 0.249023 0.311523 0.260742 0.313477 0.262695 0.313477 0.255859 0.314453 0.254883 0.314453 0.253906 0.315430 0.252930 0.315430 0.250977 0.317383 0.248047 0.317383 0.241211 0.318359 0.240234 0.318359 0.237305 0.319336 0.236328 0.319336 0.235352 0.318359 0.234375 0.318359 0.231445 0.319336 0.230469 0.319336 0.228516 0.321289 0.225586 0.320312 0.224609 0.320312 0.211914 0.321289 0.210938 0.320312 0.209961 0.321289 0.208984 0.321289 0.208008 0.320312 0.207031 0.321289 0.206055 0.320312 0.205078 0.320312 0.203125 0.318359 0.201172 0.318359 0.198242 0.319336 0.197266 0.318359 0.197266 0.317383 0.198242 0.316406 0.197266 0.316406 0.193359 0.316406 0.194336 0.314453 0.196289 0.313477 0.195312 0.312500 0.195312 0.309570 0.197266 0.306641 0.194336 0.306641 0.193359 0.305664 0.192383 0.305664 0.190430 0.306641 0.189453 0.307617 0.190430 0.306641 0.189453 0.306641 0.188477 0.305664 0.187500 0.305664 0.186523 0.304688 0.185547
1 0.484375 0.139648 0.483398 0.140625 0.481445 0.140625 0.481445 0.145508 0.483398 0.145508 0.483398 0.140625
1 1.399414 0.131836 1.397461 0.131836 1.396484 0.132812 1.393555 0.132812 1.392578 0.133789 1.392578 0.134766 1.390625 0.136719 1.390625 0.137695 1.389648 0.138672 1.389648 0.142578 1.390625 0.141602 1.391602 0.141602 1.392578 0.140625 1.393555 0.140625 1.395508 0.138672 1.396484 0.138672 1.399414 0.135742 1.399414 0.134766 1.400391 0.133789 1.399414 0.132812
1 0.079102 0.128906 0.078125 0.128906 0.078125 0.129883 0.077148 0.130859 0.076172 0.129883 0.074219 0.131836 0.074219 0.136719 0.073242 0.137695 0.072266 0.136719 0.071289 0.136719 0.071289 0.145508 0.070312 0.146484 0.071289 0.147461 0.071289 0.154297 0.072266 0.153320 0.073242 0.154297 0.073242 0.169922 0.072266 0.170898 0.073242 0.171875 0.073242 0.172852 0.072266 0.173828 0.072266 0.175781 0.071289 0.176758 0.070312 0.175781 0.070312 0.168945 0.069336 0.167969 0.069336 0.166992 0.070312 0.166016 0.070312 0.157227 0.070312 0.159180 0.068359 0.162109 0.068359 0.163086 0.069336 0.164062 0.069336 0.170898 0.068359 0.171875 0.067383 0.171875 0.067383 0.175781 0.066406 0.176758 0.066406 0.178711 0.065430 0.179688 0.066406 0.180664 0.066406 0.182617 0.065430 0.183594 0.066406 0.184570 0.066406 0.197266 0.065430 0.198242 0.065430 0.208008 0.066406 0.208984 0.066406 0.215820 0.065430 0.216797 0.066406 0.217773 0.066406 0.221680 0.067383 0.222656 0.066406 0.223633 0.066406 0.227539 0.067383 0.228516 0.067383 0.230469 0.068359 0.231445 0.068359 0.255859 0.069336 0.256836 0.071289 0.256836 0.072266 0.257812 0.072266 0.261719 0.073242 0.260742 0.074219 0.261719 0.074219 0.258789 0.076172 0.256836 0.077148 0.257812 0.077148 0.258789 0.077148 0.257812 0.078125 0.256836 0.080078 0.258789 0.080078 0.254883 0.081055 0.253906 0.081055 0.250977 0.082031 0.250000 0.083008 0.250977 0.083008 0.250000 0.082031 0.249023 0.083008 0.248047 0.083008 0.222656 0.083008 0.225586 0.082031 0.226562 0.081055 0.226562 0.080078 0.225586 0.080078 0.224609 0.079102 0.223633 0.079102 0.218750 0.078125 0.217773 0.079102 0.216797 0.079102 0.215820 0.078125 0.215820 0.077148 0.214844 0.077148 0.209961 0.078125 0.208984 0.078125 0.206055 0.079102 0.205078 0.079102 0.202148 0.080078 0.201172 0.080078 0.193359 0.079102 0.192383 0.079102 0.175781 0.080078 0.174805 0.080078 0.171875 0.081055 0.170898 0.082031 0.170898 0.082031 0.133789 0.081055 0.133789 0.080078 0.132812 0.080078 0.130859 0.079102 0.129883
1 0.529297 0.122070 0.528320 0.123047 0.526367 0.123047 0.523438 0.125000 0.521484 0.125000 0.518555 0.126953 0.516602 0.126953 0.513672 0.128906 0.511719 0.128906 0.510742 0.129883 0.508789 0.129883 0.505859 0.131836 0.503906 0.131836 0.500977 0.133789 0.499023 0.133789 0.498047 0.134766 0.497070 0.134766 0.496094 0.135742 0.495117 0.135742 0.495117 0.138672 0.496094 0.139648 0.496094 0.140625 0.499023 0.143555 0.499023 0.145508 0.496094 0.148438 0.495117 0.148438 0.495117 0.149414 0.493164 0.151367 0.492188 0.150391 0.491211 0.151367 0.492188 0.152344 0.492188 0.153320 0.491211 0.154297 0.490234 0.154297 0.489258 0.153320 0.489258 0.154297 0.488281 0.155273 0.488281 0.165039 0.489258 0.164062 0.490234 0.165039 0.490234 0.173828 0.491211 0.174805 0.491211 0.176758 0.490234 0.177734 0.489258 0.176758 0.488281 0.176758 0.488281 0.181641 0.489258 0.182617 0.489258 0.180664 0.490234 0.179688 0.491211 0.180664 0.491211 0.186523 0.492188 0.187500 0.492188 0.189453 0.493164 0.190430 0.492188 0.191406 0.491211 0.191406 0.491211 0.197266 0.492188 0.197266 0.493164 0.196289 0.493164 0.194336 0.495117 0.192383 0.496094 0.193359 0.497070 0.193359 0.498047 0.194336 0.498047 0.197266 0.499023 0.198242 0.499023 0.200195 0.500000 0.201172 0.500000 0.202148 0.500000 0.200195 0.500977 0.199219 0.501953 0.199219 0.501953 0.198242 0.502930 0.197266 0.502930 0.196289 0.504883 0.194336 0.505859 0.194336 0.506836 0.195312 0.506836 0.199219 0.509766 0.197266 0.507812 0.195312 0.507812 0.192383 0.508789 0.191406 0.508789 0.189453 0.509766 0.188477 0.509766 0.186523 0.510742 0.185547 0.510742 0.184570 0.512695 0.182617 0.513672 0.183594 0.513672 0.185547 0.515625 0.183594 0.515625 0.180664 0.516602 0.179688 0.515625 0.178711 0.517578 0.175781 0.517578 0.173828 0.519531 0.171875 0.521484 0.171875 0.522461 0.172852 0.525391 0.169922 0.525391 0.167969 0.526367 0.166992 0.526367 0.165039 0.527344 0.164062 0.528320 0.164062 0.527344 0.163086 0.527344 0.161133 0.528320 0.160156 0.528320 0.159180 0.530273 0.156250 0.530273 0.154297 0.529297 0.154297 0.528320 0.153320 0.530273 0.151367 0.530273 0.150391 0.531250 0.149414 0.531250 0.147461 0.532227 0.146484 0.532227 0.144531 0.534180 0.142578 0.535156 0.143555 0.535156 0.144531 0.536133 0.143555 0.536133 0.136719 0.535156 0.135742 0.535156 0.133789 0.534180 0.133789 0.533203 0.132812 0.533203 0.131836 0.531250 0.128906 0.531250 0.126953 0.529297 0.125000
1 0.058594 0.087891 0.058594 0.099609 0.059570 0.099609 0.059570 0.087891
1 0.605469 0.085938 0.604492 0.086914 0.603516 0.086914 0.602539 0.087891 0.602539 0.088867 0.601562 0.089844 0.600586 0.089844 0.601562 0.090820 0.600586 0.091797 0.600586 0.096680 0.601562 0.096680 0.602539 0.097656 0.602539 0.099609 0.603516 0.100586 0.603516 0.099609 0.604492 0.098633 0.604492 0.097656 0.605469 0.096680 0.605469 0.092773 0.606445 0.091797 0.606445 0.088867 0.605469 0.087891
1 0.164062 0.057617 0.146484 0.069336 0.146484 0.072266 0.148438 0.075195 0.148438 0.090820 0.150391 0.084961 0.150391 0.072266 0.152344 0.070312 0.153320 0.071289 0.154297 0.070312 0.157227 0.077148 0.156250 0.078125 0.156250 0.096680 0.154297 0.098633 0.153320 0.097656 0.152344 0.108398 0.150391 0.113281 0.150391 0.118164 0.152344 0.122070 0.151367 0.123047 0.152344 0.124023 0.152344 0.130859 0.153320 0.132812 0.154297 0.130859 0.156250 0.132812 0.156250 0.135742 0.154297 0.140625 0.155273 0.142578 0.154297 0.155273 0.151367 0.161133 0.149414 0.160156 0.151367 0.151367 0.151367 0.136719 0.149414 0.139648 0.148438 0.136719 0.145508 0.164062 0.144531 0.165039 0.145508 0.166016 0.143555 0.170898 0.140625 0.162109 0.137695 0.160156 0.136719 0.154297 0.137695 0.153320 0.136719 0.154297 0.137695 0.275391 0.129883 0.279297 0.130859 0.281250 0.129883 0.285156 0.132812 0.280273 0.135742 0.284180 0.138672 0.279297 0.141602 0.280273 0.144531 0.277344 0.144531 0.272461 0.146484 0.269531 0.146484 0.263672 0.147461 0.262695 0.148438 0.263672 0.149414 0.262695 0.150391 0.265625 0.152344 0.264648 0.152344 0.252930 0.156250 0.247070 0.156250 0.243164 0.159180 0.237305 0.160156 0.238281 0.160156 0.243164 0.158203 0.248047 0.158203 0.251953 0.159180 0.254883 0.160156 0.253906 0.162109 0.247070 0.162109 0.234375 0.160156 0.236328 0.159180 0.235352 0.159180 0.223633 0.160156 0.222656 0.161133 0.224609 0.162109 0.222656 0.161133 0.213867 0.162109 0.212891 0.164062 0.215820 0.166016 0.234375 0.165039 0.235352 0.166016 0.234375 0.166016 0.205078 0.165039 0.204102
1 0.628906 0.032227 0.627930 0.033203 0.627930 0.037109 0.625977 0.039062 0.625977 0.041992 0.625000 0.042969 0.625000 0.043945 0.624023 0.044922 0.622070 0.044922 0.621094 0.045898 0.621094 0.046875 0.622070 0.047852 0.621094 0.048828 0.622070 0.049805 0.622070 0.050781 0.623047 0.051758 0.623047 0.053711 0.624023 0.054688 0.624023 0.056641 0.625977 0.056641 0.626953 0.057617 0.626953 0.056641 0.627930 0.055664 0.627930 0.053711 0.628906 0.052734 0.628906 0.051758 0.629883 0.050781 0.629883 0.048828 0.630859 0.047852 0.630859 0.043945 0.631836 0.042969 0.631836 0.041016 0.630859 0.040039 0.630859 0.033203 0.629883 0.033203
1 0.042969 0.032227 0.041016 0.034180 0.041016 0.036133 0.040039 0.037109 0.040039 0.038086 0.041016 0.039062 0.041016 0.041016 0.040039 0.041992 0.040039 0.055664 0.041016 0.055664 0.041992 0.056641 0.042969 0.055664 0.044922 0.057617 0.045898 0.056641 0.045898 0.051758 0.046875 0.050781 0.046875 0.046875 0.045898 0.045898 0.045898 0.037109 0.044922 0.038086 0.043945 0.038086 0.042969 0.037109
1 0.417969 0.016602 0.417969 0.019531 0.414062 0.023438 0.414062 0.025391 0.413086 0.026367 0.413086 0.027344 0.412109 0.028320 0.411133 0.027344 0.411133 0.025391 0.411133 0.027344 0.412109 0.028320 0.412109 0.029297 0.410156 0.031250 0.410156 0.032227 0.408203 0.034180 0.407227 0.033203 0.407227 0.031250 0.408203 0.030273 0.408203 0.029297 0.405273 0.034180 0.405273 0.040039 0.404297 0.041016 0.404297 0.041992 0.405273 0.042969 0.405273 0.060547 0.406250 0.061523 0.406250 0.069336 0.407227 0.070312 0.407227 0.083008 0.406250 0.083984 0.405273 0.083008 0.404297 0.083008 0.404297 0.087891 0.405273 0.088867 0.405273 0.091797 0.407227 0.093750 0.407227 0.094727 0.406250 0.095703 0.406250 0.101562 0.407227 0.102539 0.410156 0.101562 0.412109 0.103516 0.412109 0.109375 0.411133 0.110352 0.411133 0.113281 0.412109 0.114258 0.412109 0.135742 0.413086 0.136719 0.413086 0.143555 0.412109 0.144531 0.411133 0.143555 0.411133 0.144531 0.412109 0.145508 0.413086 0.145508 0.413086 0.141602 0.414062 0.140625 0.415039 0.140625 0.416992 0.143555 0.416992 0.145508 0.417969 0.144531 0.418945 0.144531 0.419922 0.145508 0.421875 0.151367 0.422852 0.150391 0.424805 0.152344 0.424805 0.153320 0.425781 0.154297 0.428711 0.151367 0.429688 0.151367 0.430664 0.152344 0.430664 0.153320 0.429688 0.154297 0.429688 0.156250 0.431641 0.153320 0.431641 0.149414 0.432617 0.148438 0.434570 0.148438 0.434570 0.146484 0.435547 0.145508 0.436523 0.142578 0.437500 0.141602 0.438477 0.141602 0.438477 0.140625 0.439453 0.139648 0.440430 0.139648 0.440430 0.131836 0.439453 0.130859 0.439453 0.126953 0.440430 0.125977 0.440430 0.121094 0.439453 0.120117 0.439453 0.119141 0.440430 0.118164 0.440430 0.114258 0.439453 0.113281 0.439453 0.046875 0.439453 0.047852 0.437500 0.049805 0.436523 0.049805 0.435547 0.050781 0.434570 0.050781 0.430664 0.046875 0.430664 0.041016 0.429688 0.041992 0.428711 0.041992 0.427734 0.041016 0.427734 0.036133 0.426758 0.035156 0.426758 0.033203 0.424805 0.030273 0.424805 0.029297 0.425781 0.028320 0.425781 0.026367 0.426758 0.025391 0.425781 0.020508 0.423828 0.020508 0.422852 0.021484 0.421875 0.020508 0.421875 0.019531 0.419922 0.017578 0.419922 0.016602
1 1.330078 0.037109 1.331055 0.038086 1.330078 0.041016 1.326172 0.045898 1.324219 0.046875 1.320312 0.053711 1.319336 0.059570 1.318359 0.060547 1.318359 0.068359 1.317383 0.070312 1.318359 0.071289 1.318359 0.075195 1.319336 0.076172 1.320312 0.083008 1.323242 0.082031 1.325195 0.083008 1.326172 0.081055 1.327148 0.082031 1.331055 0.080078 1.344727 0.080078 1.345703 0.081055 1.344727 0.083008 1.354492 0.087891 1.358398 0.087891 1.358398 0.086914 1.360352 0.085938 1.361328 0.086914 1.359375 0.090820 1.360352 0.091797 1.360352 0.094727 1.362305 0.095703 1.364258 0.098633 1.364258 0.106445 1.366211 0.107422 1.371094 0.106445 1.373047 0.108398 1.375977 0.113281 1.377930 0.121094 1.379883 0.123047 1.380859 0.125977 1.383789 0.126953 1.384766 0.125000 1.388672 0.122070 1.388672 0.118164 1.389648 0.116211 1.386719 0.114258 1.386719 0.110352 1.385742 0.109375 1.385742 0.103516 1.386719 0.102539 1.382812 0.100586 1.381836 0.094727 1.380859 0.093750 1.380859 0.089844 1.379883 0.088867 1.381836 0.084961 1.387695 0.082031 1.389648 0.083008 1.391602 0.079102 1.399414 0.075195 1.411133 0.085938 1.410156 0.087891 1.409180 0.086914 1.410156 0.088867 1.412109 0.087891 1.418945 0.094727 1.417969 0.096680 1.416016 0.097656 1.416016 0.106445 1.416992 0.108398 1.419922 0.106445 1.421875 0.110352 1.421875 0.113281 1.424805 0.117188 1.428711 0.118164 1.428711 0.114258 1.429688 0.112305 1.431641 0.111328 1.433594 0.116211 1.433594 0.126953 1.434570 0.129883 1.437500 0.128906 1.438477 0.129883 1.438477 0.132812 1.443359 0.131836 1.442383 0.129883 1.443359 0.128906 1.442383 0.046875 1.439453 0.045898 1.437500 0.043945 1.437500 0.041992 1.432617 0.037109 1.430664 0.038086 1.426758 0.038086 1.427734 0.042969 1.424805 0.045898 1.422852 0.046875 1.420898 0.045898 1.419922 0.046875 1.417969 0.043945 1.415039 0.042969 1.416016 0.038086 1.413086 0.035156 1.413086 0.033203 1.416992 0.029297 1.410156 0.021484 1.409180 0.018555 1.407227 0.019531 1.405273 0.017578 1.403320 0.018555 1.399414 0.015625 1.399414 0.012695 1.394531 0.012695 1.392578 0.011719 1.391602 0.014648 1.389648 0.015625 1.388672 0.014648 1.384766 0.014648 1.382812 0.012695 1.375000 0.012695 1.369141 0.010742 1.365234 0.016602 1.360352 0.017578 1.354492 0.022461 1.348633 0.024414 1.345703 0.023438 1.344727 0.024414 1.344727 0.027344 1.342773 0.030273 1.336914 0.036133 1.334961 0.034180 1.333008 0.034180
1 1.542969 0.000000 1.543945 0.094727 1.549805 0.093750 1.553711 0.097656 1.553711 0.108398 1.545898 0.116211 1.543945 0.115234 1.546875 0.270508 1.548828 0.274414 1.551758 0.271484 1.557617 0.281250 1.566406 0.284180 1.582031 0.300781 1.586914 0.294922 1.581055 0.291992 1.583008 0.288086 1.583984 0.290039 1.587891 0.270508 1.595703 0.268555 1.600586 0.258789 1.599609 0.266602 1.604492 0.269531 1.608398 0.260742 1.608398 0.252930 1.612305 0.248047 1.618164 0.250000 1.621094 0.245117 1.621094 0.238281 1.617188 0.235352 1.620117 0.228516 1.619141 0.226562 1.614258 0.231445 1.611328 0.224609 1.615234 0.216797 1.621094 0.211914 1.624023 0.221680 1.639648 0.216797 1.642578 0.203125 1.644531 0.202148 1.645508 0.205078 1.648438 0.200195 1.644531 0.200195 1.643555 0.196289 1.653320 0.176758 1.651367 0.166992 1.663086 0.155273 1.664062 0.158203 1.669922 0.160156 1.671875 0.165039 1.673828 0.161133 1.678711 0.164062 1.689453 0.164062 1.691406 0.166992 1.694336 0.164062 1.696289 0.167969 1.699219 0.163086 1.701172 0.165039 1.702148 0.161133 1.707031 0.162109 1.709961 0.166992 1.718750 0.170898 1.725586 0.178711 1.727539 0.177734 1.730469 0.183594 1.747070 0.181641 1.753906 0.193359 1.757812 0.195312 1.759766 0.202148 1.764648 0.201172 1.765625 0.203125 1.767578 0.200195 1.769531 0.205078 1.778320 0.210938 1.777344 0.214844 1.784180 0.216797 1.791992 0.230469 1.794922 0.231445 1.797852 0.241211 1.791992 0.257812 1.792969 0.272461 1.797852 0.274414 1.793945 0.280273 1.791992 0.277344 1.793945 0.280273 1.791992 0.291016 1.795898 0.297852 1.806641 0.289062 1.806641 0.284180 1.802734 0.283203 1.802734 0.277344 1.798828 0.274414 1.800781 0.269531 1.807617 0.280273 1.814453 0.280273 1.813477 0.269531 1.818359 0.269531 1.821289 0.273438 1.824219 0.268555 1.827148 0.269531 1.823242 0.266602 1.828125 0.260742 1.833984 0.258789 1.837891 0.262695 1.846680 0.256836 1.842773 0.251953 1.847656 0.248047 1.853516 0.234375 1.857422 0.235352 1.857422 0.238281 1.853516 0.240234 1.855469 0.243164 1.861328 0.234375 1.874023 0.241211 1.874023 0.164062 1.662109 0.143555 1.660156 0.140625 1.662109 0.130859 1.659180 0.000000
1 0.623047 0.000000 0.583008 0.000000 0.583008 0.002930 0.583984 0.003906 0.583984 0.004883 0.583008 0.005859 0.583008 0.013672 0.582031 0.014648 0.582031 0.015625 0.580078 0.017578 0.580078 0.020508 0.581055 0.021484 0.581055 0.026367 0.580078 0.027344 0.579102 0.027344 0.579102 0.028320 0.580078 0.029297 0.579102 0.030273 0.579102 0.031250 0.578125 0.032227 0.578125 0.038086 0.577148 0.039062 0.577148 0.041992 0.580078 0.044922 0.580078 0.045898 0.581055 0.046875 0.581055 0.047852 0.582031 0.048828 0.582031 0.049805 0.581055 0.050781 0.581055 0.052734 0.582031 0.052734 0.583008 0.051758 0.583984 0.052734 0.583984 0.055664 0.583008 0.056641 0.583008 0.066406 0.583984 0.067383 0.583984 0.071289 0.584961 0.072266 0.584961 0.073242 0.585938 0.074219 0.585938 0.076172 0.586914 0.075195 0.587891 0.076172 0.588867 0.076172 0.589844 0.075195 0.589844 0.074219 0.588867 0.075195 0.587891 0.074219 0.587891 0.072266 0.588867 0.071289 0.588867 0.070312 0.589844 0.069336 0.589844 0.067383 0.594727 0.062500 0.595703 0.062500 0.596680 0.061523 0.596680 0.059570 0.597656 0.058594 0.597656 0.057617 0.598633 0.056641 0.598633 0.055664 0.599609 0.054688 0.600586 0.055664 0.600586 0.056641 0.601562 0.055664 0.602539 0.056641 0.603516 0.056641 0.605469 0.054688 0.606445 0.054688 0.608398 0.052734 0.608398 0.051758 0.610352 0.049805 0.610352 0.048828 0.611328 0.047852 0.611328 0.046875 0.612305 0.045898 0.612305 0.043945 0.613281 0.042969 0.610352 0.040039 0.610352 0.038086 0.611328 0.037109 0.611328 0.036133 0.612305 0.035156 0.612305 0.034180 0.613281 0.033203 0.613281 0.031250 0.614258 0.030273 0.614258 0.029297 0.616211 0.027344 0.617188 0.028320 0.617188 0.024414 0.618164 0.023438 0.618164 0.020508 0.619141 0.019531 0.618164 0.018555 0.618164 0.008789 0.619141 0.007812 0.619141 0.006836 0.620117 0.005859 0.620117 0.004883 0.622070 0.002930 0.622070 0.000977