1 1.842773 1.041992 1.843750 1.042969 1.843750 1.043945 1.842773 1.044922 1.842773 1.046875 1.841797 1.047852 1.841797 1.049805 1.842773 1.049805 1.842773 1.048828 1.844727 1.046875 1.845703 1.047852 1.845703 1.048828 1.844727 1.049805 1.845703 1.050781 1.845703 1.053711 1.846680 1.053711 1.847656 1.052734 1.848633 1.053711 1.857422 1.053711 1.858398 1.052734 1.858398 1.051758 1.857422 1.050781 1.857422 1.049805 1.855469 1.047852 1.855469 1.046875 1.854492 1.046875 1.852539 1.044922 1.850586 1.044922 1.848633 1.046875 1.847656 1.045898 1.845703 1.045898 1.844727 1.046875 1.843750 1.045898 1.843750 1.042969
1 1.126953 1.017578 1.126953 1.021484 1.125000 1.023438 1.125000 1.036133 1.125977 1.037109 1.125977 1.039062 1.126953 1.040039 1.126953 1.041016 1.128906 1.041016 1.130859 1.042969 1.130859 1.041992 1.131836 1.041016 1.131836 1.039062 1.132812 1.038086 1.132812 1.035156 1.131836 1.034180 1.131836 1.031250 1.130859 1.030273 1.131836 1.029297 1.131836 1.028320 1.132812 1.027344 1.132812 1.026367 1.133789 1.025391 1.132812 1.024414 1.132812 1.022461 1.131836 1.021484 1.129883 1.021484 1.128906 1.020508 1.128906 1.019531
1 1.736328 1.010742 1.735352 1.011719 1.735352 1.012695 1.734375 1.013672 1.734375 1.015625 1.733398 1.016602 1.733398 1.018555 1.735352 1.020508 1.735352 1.026367 1.736328 1.026367 1.737305 1.027344 1.738281 1.027344 1.740234 1.029297 1.740234 1.031250 1.741211 1.031250 1.741211 1.022461 1.742188 1.021484 1.742188 1.017578 1.740234 1.015625 1.740234 1.012695 1.739258 1.011719 1.738281 1.011719 1.737305 1.010742
1 1.124023 0.990234 1.123047 0.991211 1.122070 0.991211 1.124023 0.993164 1.124023 0.994141 1.122070 0.996094 1.123047 0.997070 1.123047 1.003906 1.124023 1.004883 1.124023 1.006836 1.125000 1.007812 1.125000 1.011719 1.126953 1.013672 1.126953 1.012695 1.127930 1.011719 1.129883 1.013672 1.130859 1.012695 1.131836 1.012695 1.131836 1.011719 1.132812 1.010742 1.132812 1.009766 1.133789 1.008789 1.132812 1.007812 1.132812 1.001953 1.131836 1.000977 1.131836 0.996094 1.129883 0.994141 1.128906 0.995117 1.126953 0.995117 1.125977 0.994141 1.125977 0.993164 1.125000 0.994141 1.124023 0.993164
1 1.144531 0.977539 1.144531 0.995117 1.145508 0.996094 1.145508 1.038086 1.146484 1.039062 1.145508 1.040039 1.145508 1.041016 1.147461 1.041016 1.148438 1.041992 1.147461 1.042969 1.145508 1.042969 1.146484 1.043945 1.145508 1.044922 1.145508 1.053711 1.152344 1.053711 1.152344 1.051758 1.153320 1.050781 1.155273 1.050781 1.156250 1.049805 1.157227 1.049805 1.156250 1.049805 1.155273 1.048828 1.156250 1.047852 1.157227 1.047852 1.157227 1.046875 1.159180 1.044922 1.161133 1.044922 1.161133 1.041992 1.160156 1.041016 1.161133 1.040039 1.160156 1.040039 1.158203 1.038086 1.158203 1.036133 1.157227 1.035156 1.159180 1.033203 1.160156 1.034180 1.160156 1.035156 1.160156 1.034180 1.161133 1.033203 1.161133 1.032227 1.160156 1.031250 1.160156 1.029297 1.159180 1.028320 1.159180 1.024414 1.160156 1.023438 1.161133 1.024414 1.161133 1.021484 1.162109 1.020508 1.162109 1.016602 1.160156 1.014648 1.160156 1.009766 1.162109 1.007812 1.160156 1.009766 1.157227 1.006836 1.157227 1.004883 1.156250 1.003906 1.156250 1.000000 1.157227 0.999023 1.157227 0.998047 1.156250 0.997070 1.156250 0.995117 1.155273 0.994141 1.156250 0.993164 1.156250 0.991211 1.157227 0.990234 1.158203 0.991211 1.158203 0.989258 1.157227 0.989258 1.156250 0.988281 1.156250 0.987305 1.155273 0.986328 1.155273 0.983398 1.154297 0.982422 1.154297 0.981445 1.153320 0.980469 1.151367 0.980469 1.150391 0.979492 1.148438 0.979492 1.147461 0.978516 1.145508 0.978516
1 1.180664 0.975586 1.179688 0.976562 1.180664 0.977539 1.180664 0.982422 1.179688 0.983398 1.177734 0.983398 1.177734 0.986328 1.178711 0.987305 1.178711 0.988281 1.179688 0.989258 1.180664 0.989258 1.181641 0.990234 1.182617 0.990234 1.182617 0.988281 1.181641 0.987305 1.184570 0.984375 1.184570 0.978516 1.183594 0.978516 1.182617 0.977539 1.182617 0.976562 1.181641 0.975586
1 1.270508 0.954102 1.271484 0.955078 1.270508 0.956055 1.271484 0.957031 1.271484 0.959961 1.272461 0.958984 1.274414 0.960938 1.274414 0.962891 1.275391 0.961914 1.276367 0.961914 1.278320 0.963867 1.279297 0.963867 1.279297 0.961914 1.280273 0.960938 1.280273 0.958984 1.279297 0.958008 1.279297 0.957031 1.278320 0.956055 1.276367 0.956055 1.275391 0.955078 1.273438 0.955078 1.272461 0.954102
1 1.635742 0.910156 1.635742 0.911133 1.634766 0.912109 1.634766 0.915039 1.633789 0.916016 1.633789 0.917969 1.632812 0.918945 1.632812 0.921875 1.633789 0.922852 1.633789 0.924805 1.635742 0.924805 1.636719 0.925781 1.637695 0.925781 1.638672 0.924805 1.640625 0.924805 1.642578 0.922852 1.642578 0.918945 1.641602 0.917969 1.641602 0.916992 1.639648 0.915039 1.639648 0.912109 1.638672 0.912109 1.637695 0.911133 1.636719 0.911133
1 1.302734 0.828125 1.300781 0.828125 1.299805 0.829102 1.299805 0.830078 1.298828 0.831055 1.298828 0.833008 1.299805 0.833984 1.299805 0.834961 1.298828 0.835938 1.298828 0.836914 1.297852 0.837891 1.296875 0.836914 1.296875 0.835938 1.296875 0.838867 1.297852 0.839844 1.297852 0.847656 1.298828 0.848633 1.298828 0.847656 1.299805 0.846680 1.300781 0.847656 1.300781 0.848633 1.301758 0.849609 1.302734 0.848633 1.302734 0.838867 1.303711 0.837891 1.303711 0.832031 1.302734 0.831055
1 1.332031 0.768555 1.332031 0.770508 1.331055 0.771484 1.330078 0.771484 1.330078 0.772461 1.329102 0.773438 1.329102 0.774414 1.330078 0.775391 1.330078 0.777344 1.329102 0.778320 1.330078 0.777344 1.333008 0.780273 1.333008 0.781250 1.333984 0.781250 1.334961 0.780273 1.334961 0.778320 1.335938 0.777344 1.334961 0.776367 1.335938 0.775391 1.333984 0.773438 1.333984 0.769531 1.333008 0.768555
1 1.335938 0.748047 1.335938 0.750977 1.334961 0.751953 1.334961 0.752930 1.333984 0.753906 1.333984 0.755859 1.334961 0.756836 1.334961 0.760742 1.335938 0.761719 1.336914 0.761719 1.337891 0.762695 1.337891 0.761719 1.339844 0.759766 1.339844 0.756836 1.340820 0.755859 1.339844 0.756836 1.338867 0.755859 1.338867 0.754883 1.337891 0.753906 1.337891 0.751953 1.336914 0.750977 1.336914 0.750000 1.335938 0.749023
1 1.285156 0.738281 1.286133 0.739258 1.285156 0.740234 1.285156 0.741211 1.284180 0.742188 1.284180 0.746094 1.283203 0.747070 1.283203 0.748047 1.284180 0.749023 1.284180 0.750977 1.285156 0.750977 1.286133 0.751953 1.286133 0.752930 1.287109 0.751953 1.288086 0.752930 1.288086 0.757812 1.287109 0.758789 1.287109 0.759766 1.288086 0.759766 1.291992 0.763672 1.292969 0.762695 1.293945 0.762695 1.294922 0.761719 1.294922 0.757812 1.293945 0.756836 1.294922 0.755859 1.294922 0.754883 1.295898 0.753906 1.295898 0.751953 1.294922 0.750977 1.294922 0.749023 1.293945 0.748047 1.294922 0.747070 1.293945 0.746094 1.293945 0.745117 1.292969 0.744141 1.292969 0.743164 1.291992 0.744141 1.291016 0.743164 1.291016 0.739258 1.286133 0.739258
1 1.196289 0.722656 1.197266 0.722656 1.198242 0.723633 1.199219 0.723633 1.200195 0.724609 1.200195 0.725586 1.203125 0.725586 1.204102 0.724609 1.205078 0.724609 1.206055 0.723633 1.208008 0.725586 1.207031 0.726562 1.207031 0.727539 1.208008 0.727539 1.208984 0.728516 1.209961 0.727539 1.210938 0.728516 1.210938 0.730469 1.211914 0.729492 1.212891 0.730469 1.212891 0.731445 1.213867 0.731445 1.215820 0.729492 1.216797 0.729492 1.217773 0.730469 1.218750 0.730469 1.219727 0.731445 1.219727 0.729492 1.220703 0.728516 1.221680 0.729492 1.221680 0.730469 1.222656 0.731445 1.222656 0.732422 1.222656 0.731445 1.223633 0.730469 1.224609 0.730469 1.225586 0.731445 1.225586 0.733398 1.226562 0.734375 1.226562 0.733398 1.227539 0.732422 1.228516 0.733398 1.229492 0.732422 1.231445 0.734375 1.232422 0.733398 1.232422 0.729492 1.231445 0.728516 1.231445 0.727539 1.230469 0.726562 1.224609 0.726562 1.223633 0.725586 1.216797 0.725586 1.215820 0.724609 1.209961 0.724609 1.208984 0.723633 1.203125 0.723633 1.202148 0.722656
1 1.466797 0.675781 1.465820 0.677734 1.463867 0.676758 1.458984 0.677734 1.458008 0.675781 1.456055 0.675781 1.452148 0.679688 1.451172 0.678711 1.446289 0.680664 1.445312 0.678711 1.441406 0.679688 1.441406 0.713867 1.442383 0.714844 1.441406 0.716797 1.442383 0.714844 1.450195 0.727539 1.448242 0.731445 1.449219 0.732422 1.448242 0.738281 1.447266 0.739258 1.446289 0.736328 1.445312 0.737305 1.446289 0.743164 1.443359 0.746094 1.441406 0.746094 1.443359 0.904297 1.442383 0.905273 1.438477 0.904297 1.434570 0.899414 1.436523 0.911133 1.433594 0.914062 1.435547 0.916016 1.435547 0.919922 1.440430 0.918945 1.441406 0.920898 1.439453 0.921875 1.441406 0.922852 1.440430 0.921875 1.441406 0.920898 1.443359 0.921875 1.444336 0.969727 1.449219 0.971680 1.449219 0.969727 1.448242 0.970703 1.447266 0.969727 1.449219 0.967773 1.447266 0.966797 1.447266 0.962891 1.448242 0.961914 1.449219 0.962891 1.448242 0.961914 1.449219 0.958984 1.447266 0.955078 1.449219 0.954102 1.449219 0.952148 1.446289 0.949219 1.447266 0.947266 1.452148 0.948242 1.454102 0.946289 1.456055 0.948242 1.458984 0.960938 1.462891 0.961914 1.466797 0.958984 1.466797 0.947266 1.463867 0.945312 1.462891 0.937500 1.459961 0.931641 1.461914 0.929688 1.460938 0.927734 1.467773 0.921875 1.467773 0.914062 1.462891 0.912109 1.459961 0.914062 1.457031 0.911133 1.456055 0.905273 1.457031 0.902344 1.458984 0.901367 1.458984 0.897461 1.465820 0.892578 1.464844 0.888672 1.465820 0.884766 1.463867 0.877930 1.464844 0.876953 1.466797 0.877930 1.466797 0.873047 1.470703 0.871094 1.471680 0.868164 1.473633 0.869141 1.474609 0.868164 1.476562 0.870117 1.481445 0.860352 1.482422 0.852539 1.481445 0.847656 1.482422 0.844727 1.480469 0.836914 1.481445 0.835938 1.478516 0.835938 1.475586 0.831055 1.476562 0.830078 1.479492 0.831055 1.485352 0.822266 1.484375 0.806641 1.488281 0.800781 1.492188 0.797852 1.491211 0.794922 1.492188 0.791016 1.488281 0.787109 1.489258 0.783203 1.488281 0.778320 1.489258 0.777344 1.491211 0.778320 1.492188 0.777344 1.490234 0.776367 1.493164 0.773438 1.495117 0.776367 1.495117 0.784180 1.499023 0.785156 1.500000 0.772461 1.500977 0.771484 1.502930 0.773438 1.501953 0.770508 1.502930 0.760742 1.501953 0.761719 1.500000 0.755859 1.496094 0.754883 1.491211 0.755859 1.487305 0.750000 1.487305 0.747070 1.490234 0.746094 1.488281 0.745117 1.488281 0.739258 1.485352 0.732422 1.488281 0.727539 1.491211 0.725586 1.495117 0.728516 1.495117 0.731445 1.496094 0.723633 1.493164 0.719727 1.494141 0.716797 1.492188 0.714844 1.493164 0.710938 1.491211 0.701172 1.488281 0.700195 1.488281 0.697266 1.483398 0.692383 1.480469 0.691406 1.481445 0.690430 1.474609 0.685547
1 1.164062 0.558594 1.163086 0.560547 1.161133 0.559570 1.159180 0.560547 1.158203 0.565430 1.155273 0.568359 1.153320 0.568359 1.152344 0.566406 1.151367 0.569336 1.149414 0.567383 1.150391 0.566406 1.149414 0.565430 1.147461 0.567383 1.145508 0.565430 1.142578 0.566406 1.141602 0.564453 1.140625 0.567383 1.141602 0.651367 1.144531 0.652344 1.144531 0.656250 1.145508 0.657227 1.145508 0.662109 1.144531 0.663086 1.145508 0.664062 1.145508 0.666992 1.143555 0.670898 1.145508 0.681641 1.147461 0.684570 1.152344 0.687500 1.154297 0.681641 1.157227 0.685547 1.158203 0.695312 1.156250 0.697266 1.156250 0.700195 1.157227 0.701172 1.157227 0.706055 1.158203 0.708008 1.155273 0.711914 1.155273 0.713867 1.157227 0.715820 1.158203 0.718750 1.156250 0.721680 1.155273 0.720703 1.156250 0.721680 1.155273 0.725586 1.157227 0.728516 1.157227 0.731445 1.156250 0.732422 1.159180 0.740234 1.159180 0.748047 1.160156 0.749023 1.159180 0.750977 1.161133 0.752930 1.161133 0.756836 1.165039 0.763672 1.164062 0.767578 1.167969 0.775391 1.167969 0.778320 1.169922 0.783203 1.171875 0.776367 1.173828 0.774414 1.175781 0.775391 1.175781 0.768555 1.176758 0.767578 1.177734 0.768555 1.176758 0.761719 1.175781 0.760742 1.177734 0.759766 1.179688 0.762695 1.179688 0.764648 1.181641 0.762695 1.181641 0.757812 1.184570 0.755859 1.184570 0.752930 1.183594 0.751953 1.184570 0.750977 1.183594 0.750000 1.184570 0.747070 1.183594 0.746094 1.186523 0.744141 1.185547 0.743164 1.186523 0.741211 1.185547 0.736328 1.188477 0.730469 1.187500 0.728516 1.190430 0.726562 1.189453 0.720703 1.193359 0.718750 1.193359 0.689453 1.192383 0.688477 1.193359 0.686523 1.192383 0.683594 1.193359 0.682617 1.192383 0.681641 1.192383 0.616211 1.191406 0.615234 1.192383 0.613281 1.192383 0.584961 1.191406 0.583984 1.191406 0.572266 1.188477 0.574219 1.188477 0.576172 1.186523 0.579102 1.184570 0.580078 1.182617 0.583008 1.180664 0.583008 1.177734 0.588867 1.176758 0.586914 1.174805 0.585938 1.175781 0.583984 1.173828 0.581055 1.175781 0.580078 1.174805 0.579102 1.173828 0.581055 1.172852 0.580078 1.171875 0.572266 1.170898 0.571289 1.171875 0.570312 1.171875 0.567383 1.170898 0.566406 1.169922 0.567383 1.166992 0.566406 1.166992 0.563477
1 1.131836 0.526367 1.130859 0.526367 1.129883 0.527344 1.128906 0.526367 1.126953 0.526367 1.126953 0.528320 1.125977 0.529297 1.125977 0.533203 1.126953 0.534180 1.126953 0.536133 1.127930 0.537109 1.127930 0.539062 1.128906 0.540039 1.128906 0.541016 1.129883 0.540039 1.129883 0.538086 1.130859 0.537109 1.130859 0.536133 1.131836 0.535156 1.131836 0.533203 1.132812 0.532227 1.132812 0.527344
1 1.310547 0.508789 1.311523 0.547852 1.319336 0.541016 1.326172 0.544922 1.326172 0.548828 1.333008 0.556641 1.330078 0.560547 1.325195 0.559570 1.325195 0.567383 1.320312 0.577148 1.319336 0.593750 1.315430 0.600586 1.311523 0.600586 1.313477 0.737305 1.299805 0.736328 1.300781 0.753906 1.307617 0.770508 1.305664 0.780273 1.307617 0.790039 1.304688 0.791992 1.299805 0.788086 1.297852 0.793945 1.290039 0.797852 1.291016 0.809570 1.297852 0.814453 1.300781 0.805664 1.307617 0.816406 1.305664 0.832031 1.310547 0.835938 1.308594 0.838867 1.309570 0.841797 1.311523 0.838867 1.311523 0.848633 1.304688 0.851562 1.303711 0.865234 1.312500 0.871094 1.312500 0.864258 1.317383 0.867188 1.324219 0.862305 1.326172 0.845703 1.324219 0.833008 1.330078 0.830078 1.332031 0.833008 1.334961 0.830078 1.336914 0.817383 1.331055 0.814453 1.329102 0.804688 1.326172 0.804688 1.321289 0.794922 1.326172 0.777344 1.317383 0.765625 1.315430 0.733398 1.318359 0.730469 1.319336 0.732422 1.321289 0.723633 1.323242 0.725586 1.326172 0.722656 1.327148 0.726562 1.330078 0.725586 1.333984 0.729492 1.335938 0.746094 1.339844 0.746094 1.345703 0.758789 1.343750 0.764648 1.346680 0.776367 1.344727 0.788086 1.347656 0.792969 1.345703 0.796875 1.348633 0.804688 1.347656 0.814453 1.351562 0.823242 1.351562 0.833008 1.355469 0.838867 1.355469 0.849609 1.351562 0.852539 1.346680 0.845703 1.348633 0.837891 1.345703 0.834961 1.345703 0.827148 1.340820 0.827148 1.338867 0.832031 1.337891 0.830078 1.341797 0.845703 1.338867 0.863281 1.344727 0.871094 1.343750 0.878906 1.351562 0.883789 1.360352 0.899414 1.354492 0.908203 1.351562 0.905273 1.346680 0.885742 1.340820 0.880859 1.336914 0.889648 1.337891 0.909180 1.340820 0.911133 1.341797 0.918945 1.347656 0.923828 1.348633 0.943359 1.367188 0.948242 1.361328 0.929688 1.363281 0.927734 1.368164 0.932617 1.373047 0.929688 1.379883 0.944336 1.379883 0.952148 1.382812 0.953125 1.377930 0.506836
1 1.464844 0.503906 1.446289 0.503906 1.445312 0.504883 1.439453 0.504883 1.440430 0.666016 1.442383 0.663086 1.444336 0.664062 1.447266 0.662109 1.453125 0.655273 1.458984 0.651367 1.458008 0.650391 1.458008 0.648438 1.462891 0.644531 1.462891 0.642578 1.463867 0.641602 1.464844 0.642578 1.466797 0.642578 1.466797 0.641602 1.469727 0.639648 1.471680 0.634766 1.471680 0.626953 1.472656 0.625977 1.471680 0.611328 1.472656 0.610352 1.473633 0.611328 1.472656 0.609375 1.475586 0.607422 1.477539 0.607422 1.478516 0.609375 1.480469 0.608398 1.483398 0.611328 1.485352 0.615234 1.486328 0.614258 1.490234 0.614258 1.492188 0.612305 1.493164 0.613281 1.495117 0.613281 1.496094 0.612305 1.497070 0.613281 1.498047 0.612305 1.500000 0.613281 1.501953 0.612305 1.501953 0.610352 1.502930 0.609375 1.504883 0.609375 1.505859 0.610352 1.516602 0.609375 1.517578 0.610352 1.520508 0.607422 1.520508 0.601562 1.521484 0.600586 1.521484 0.594727 1.520508 0.593750 1.520508 0.586914 1.521484 0.585938 1.520508 0.584961 1.521484 0.583984 1.520508 0.583008 1.520508 0.565430 1.518555 0.564453 1.515625 0.569336 1.515625 0.571289 1.513672 0.575195 1.513672 0.578125 1.511719 0.582031 1.511719 0.584961 1.512695 0.585938 1.508789 0.587891 1.505859 0.586914 1.505859 0.591797 1.502930 0.596680 1.500977 0.595703 1.500000 0.596680 1.500000 0.599609 1.498047 0.601562 1.497070 0.600586 1.498047 0.598633 1.495117 0.594727 1.495117 0.589844 1.492188 0.586914 1.490234 0.579102 1.487305 0.576172 1.488281 0.573242 1.487305 0.572266 1.485352 0.572266 1.484375 0.574219 1.483398 0.573242 1.483398 0.569336 1.481445 0.566406 1.481445 0.561523 1.480469 0.560547 1.480469 0.554688 1.481445 0.552734 1.480469 0.550781 1.482422 0.548828 1.481445 0.547852 1.481445 0.544922 1.484375 0.541016 1.483398 0.539062 1.483398 0.536133 1.477539 0.533203 1.475586 0.531250 1.473633 0.526367 1.472656 0.527344 1.470703 0.527344 1.467773 0.525391 1.467773 0.523438 1.466797 0.522461 1.465820 0.524414 1.463867 0.523438 1.464844 0.521484 1.463867 0.519531 1.461914 0.518555 1.463867 0.515625 1.462891 0.508789 1.463867 0.507812 1.464844 0.508789
1 1.486328 0.502930 1.476562 0.502930 1.475586 0.503906 1.473633 0.503906 1.473633 0.505859 1.472656 0.506836 1.471680 0.505859 1.471680 0.504883 1.470703 0.505859 1.470703 0.507812 1.471680 0.508789 1.471680 0.509766 1.470703 0.510742 1.470703 0.514648 1.471680 0.515625 1.471680 0.516602 1.471680 0.512695 1.472656 0.511719 1.473633 0.512695 1.473633 0.517578 1.474609 0.518555 1.474609 0.519531 1.477539 0.519531 1.478516 0.520508 1.479492 0.520508 1.479492 0.517578 1.480469 0.516602 1.481445 0.516602 1.482422 0.515625 1.482422 0.514648 1.483398 0.513672 1.483398 0.510742 1.484375 0.509766 1.484375 0.508789 1.485352 0.507812 1.485352 0.505859 1.486328 0.504883
1 1.830078 0.492188 1.714844 0.496094 1.718750 0.791992 1.666016 0.786133 1.662109 0.793945 1.662109 0.800781 1.665039 0.798828 1.665039 0.807617 1.662109 0.811523 1.673828 0.828125 1.671875 0.832031 1.667969 0.830078 1.666016 0.832031 1.666016 0.826172 1.660156 0.814453 1.656250 0.813477 1.658203 0.810547 1.652344 0.801758 1.650391 0.816406 1.645508 0.823242 1.643555 0.818359 1.630859 0.817383 1.627930 0.809570 1.631836 0.805664 1.631836 0.795898 1.626953 0.792969 1.622070 0.779297 1.592773 0.775391 1.588867 0.777344 1.585938 0.774414 1.556641 0.771484 1.554688 0.774414 1.561523 0.779297 1.567383 0.777344 1.571289 0.783203 1.576172 0.783203 1.580078 0.787109 1.588867 0.787109 1.590820 0.790039 1.588867 0.796875 1.597656 0.804688 1.600586 0.813477 1.613281 0.819336 1.622070 0.844727 1.627930 0.846680 1.641602 0.868164 1.642578 0.877930 1.638672 0.882812 1.636719 0.894531 1.644531 0.906250 1.644531 0.911133 1.649414 0.915039 1.649414 0.912109 1.654297 0.914062 1.663086 0.925781 1.665039 0.923828 1.670898 0.925781 1.676758 0.931641 1.679688 0.929688 1.685547 0.933594 1.683594 0.935547 1.687500 0.937500 1.691406 0.949219 1.690430 0.958008 1.697266 0.962891 1.702148 0.979492 1.705078 0.977539 1.710938 0.987305 1.709961 1.005859 1.716797 1.020508 1.724609 1.023438 1.726562 1.016602 1.730469 1.012695 1.732422 1.014648 1.729492 1.000000 1.734375 0.992188 1.734375 0.986328 1.740234 0.985352 1.749023 0.995117 1.749023 1.001953 1.767578 1.035156 1.773438 1.040039 1.776367 1.053711 1.836914 1.053711
1 1.189453 0.473633 1.189453 0.479492 1.190430 0.480469 1.191406 0.480469 1.192383 0.481445 1.192383 0.482422 1.193359 0.483398 1.193359 0.484375 1.194336 0.485352 1.194336 0.487305 1.193359 0.488281 1.194336 0.487305 1.195312 0.488281 1.194336 0.487305 1.194336 0.486328 1.195312 0.485352 1.195312 0.477539 1.194336 0.478516 1.192383 0.476562 1.193359 0.475586 1.192383 0.475586 1.191406 0.474609 1.191406 0.473633
1 1.254883 0.442383 1.253906 0.442383 1.252930 0.443359 1.250000 0.443359 1.250000 0.444336 1.249023 0.445312 1.249023 0.446289 1.250977 0.446289 1.251953 0.447266 1.251953 0.448242 1.252930 0.448242 1.252930 0.447266 1.253906 0.446289 1.253906 0.445312 1.254883 0.444336
1 1.473633 0.303711 1.472656 0.303711 1.471680 0.304688 1.471680 0.305664 1.472656 0.306641 1.472656 0.308594 1.471680 0.309570 1.471680 0.312500 1.470703 0.313477 1.470703 0.315430 1.469727 0.316406 1.469727 0.317383 1.468750 0.318359 1.468750 0.319336 1.469727 0.320312 1.469727 0.323242 1.470703 0.324219 1.470703 0.328125 1.469727 0.329102 1.468750 0.329102 1.468750 0.331055 1.467773 0.332031 1.467773 0.333008 1.467773 0.332031 1.468750 0.331055 1.468750 0.330078 1.469727 0.329102 1.470703 0.330078 1.470703 0.346680 1.469727 0.347656 1.469727 0.348633 1.468750 0.349609 1.467773 0.349609 1.467773 0.350586 1.470703 0.353516 1.471680 0.352539 1.471680 0.351562 1.472656 0.350586 1.472656 0.345703 1.473633 0.344727 1.474609 0.344727 1.474609 0.341797 1.475586 0.340820 1.476562 0.340820 1.476562 0.333984 1.474609 0.332031 1.474609 0.328125 1.473633 0.327148 1.473633 0.324219 1.474609 0.323242 1.474609 0.317383 1.475586 0.316406 1.475586 0.312500 1.476562 0.311523 1.476562 0.307617 1.475586 0.306641 1.475586 0.304688 1.474609 0.304688
1 1.376953 0.289062 1.376953 0.322266 1.377930 0.322266 1.377930 0.321289 1.378906 0.320312 1.380859 0.320312 1.381836 0.319336 1.383789 0.319336 1.384766 0.318359 1.384766 0.316406 1.385742 0.315430 1.385742 0.311523 1.384766 0.310547 1.384766 0.309570 1.383789 0.308594 1.383789 0.305664 1.384766 0.304688 1.383789 0.303711 1.383789 0.301758 1.382812 0.300781 1.382812 0.293945 1.381836 0.292969 1.381836 0.291016 1.378906 0.291016
1 1.351562 0.208984 1.350586 0.208984 1.349609 0.209961 1.348633 0.209961 1.348633 0.211914 1.347656 0.212891 1.347656 0.214844 1.346680 0.215820 1.346680 0.217773 1.347656 0.217773 1.347656 0.216797 1.349609 0.214844 1.349609 0.213867 1.350586 0.212891 1.350586 0.211914 1.351562 0.210938
1 1.108398 0.144531 1.107422 0.145508 1.106445 0.145508 1.105469 0.146484 1.103516 0.146484 1.102539 0.147461 1.103516 0.148438 1.103516 0.149414 1.102539 0.150391 1.102539 0.152344 1.101562 0.153320 1.102539 0.154297 1.102539 0.157227 1.103516 0.158203 1.104492 0.158203 1.104492 0.157227 1.105469 0.156250 1.106445 0.157227 1.106445 0.159180 1.107422 0.160156 1.107422 0.164062 1.108398 0.164062 1.109375 0.163086 1.110352 0.163086 1.111328 0.162109 1.111328 0.159180 1.112305 0.158203 1.112305 0.156250 1.111328 0.155273 1.112305 0.154297 1.112305 0.150391 1.111328 0.149414 1.111328 0.148438 1.108398 0.145508
1 1.350586 0.113281 1.349609 0.114258 1.347656 0.114258 1.347656 0.117188 1.346680 0.118164 1.340820 0.118164 1.339844 0.119141 1.337891 0.119141 1.336914 0.120117 1.335938 0.120117 1.334961 0.121094 1.334961 0.124023 1.331055 0.127930 1.331055 0.128906 1.329102 0.130859 1.329102 0.131836 1.325195 0.135742 1.324219 0.134766 1.324219 0.137695 1.323242 0.138672 1.323242 0.140625 1.321289 0.143555 1.321289 0.145508 1.320312 0.146484 1.318359 0.146484 1.317383 0.147461 1.317383 0.151367 1.316406 0.152344 1.316406 0.154297 1.315430 0.155273 1.315430 0.156250 1.313477 0.159180 1.313477 0.161133 1.312500 0.162109 1.312500 0.166016 1.311523 0.166992 1.311523 0.175781 1.310547 0.176758 1.312500 0.186523 1.317383 0.181641 1.318359 0.181641 1.321289 0.179688 1.323242 0.179688 1.325195 0.182617 1.330078 0.182617 1.331055 0.183594 1.331055 0.184570 1.332031 0.185547 1.332031 0.187500 1.333008 0.188477 1.333008 0.194336 1.333984 0.195312 1.334961 0.195312 1.336914 0.193359 1.337891 0.194336 1.337891 0.196289 1.339844 0.199219 1.339844 0.202148 1.340820 0.203125 1.341797 0.208008 1.342773 0.208008 1.343750 0.207031 1.343750 0.205078 1.345703 0.202148 1.345703 0.200195 1.346680 0.199219 1.346680 0.198242 1.344727 0.196289 1.344727 0.191406 1.343750 0.190430 1.344727 0.189453 1.344727 0.187500 1.343750 0.187500 1.341797 0.184570 1.341797 0.178711 1.340820 0.177734 1.341797 0.176758 1.341797 0.175781 1.345703 0.171875 1.347656 0.166992 1.351562 0.163086 1.354492 0.166016 1.354492 0.166992 1.355469 0.166992 1.358398 0.169922 1.357422 0.170898 1.356445 0.170898 1.357422 0.171875 1.358398 0.170898 1.362305 0.174805 1.360352 0.177734 1.360352 0.184570 1.361328 0.184570 1.362305 0.183594 1.363281 0.184570 1.363281 0.187500 1.364258 0.188477 1.364258 0.190430 1.365234 0.191406 1.367188 0.191406 1.367188 0.186523 1.368164 0.185547 1.369141 0.185547 1.370117 0.186523 1.369141 0.187500 1.370117 0.188477 1.370117 0.199219 1.371094 0.198242 1.372070 0.199219 1.372070 0.201172 1.374023 0.199219 1.375000 0.199219 1.375000 0.198242 1.374023 0.197266 1.375000 0.196289 1.375000 0.152344 1.374023 0.151367 1.374023 0.129883 1.373047 0.129883 1.372070 0.128906 1.371094 0.125977 1.369141 0.124023 1.368164 0.125000 1.368164 0.125977 1.367188 0.126953 1.366211 0.126953 1.366211 0.131836 1.365234 0.132812 1.365234 0.133789 1.364258 0.134766 1.362305 0.134766 1.361328 0.133789 1.360352 0.133789 1.359375 0.132812 1.359375 0.128906 1.358398 0.127930 1.358398 0.125000 1.360352 0.122070 1.358398 0.120117 1.358398 0.119141 1.356445 0.117188 1.356445 0.116211 1.352539 0.116211
1 1.172852 0.082031 1.171875 0.082031 1.170898 0.083008 1.170898 0.091797 1.169922 0.092773 1.170898 0.093750 1.170898 0.094727 1.171875 0.093750 1.171875 0.091797 1.173828 0.089844 1.173828 0.083008
1 1.150391 0.044922 1.147461 0.046875 1.145508 0.046875 1.142578 0.048828 1.140625 0.048828 1.135742 0.051758 1.135742 0.134766 1.136719 0.135742 1.136719 0.144531 1.137695 0.145508 1.136719 0.146484 1.139648 0.145508 1.143555 0.148438 1.149414 0.145508 1.151367 0.143555 1.153320 0.143555 1.155273 0.147461 1.161133 0.153320 1.162109 0.152344 1.163086 0.154297 1.165039 0.150391 1.166992 0.149414 1.167969 0.147461 1.169922 0.146484 1.174805 0.140625 1.173828 0.138672 1.171875 0.139648 1.167969 0.139648 1.166016 0.136719 1.162109 0.134766 1.160156 0.134766 1.158203 0.132812 1.158203 0.129883 1.159180 0.128906 1.158203 0.123047 1.155273 0.127930 1.152344 0.125000 1.152344 0.123047 1.153320 0.122070 1.153320 0.119141 1.152344 0.118164 1.153320 0.117188 1.153320 0.111328 1.151367 0.110352 1.152344 0.100586 1.151367 0.101562 1.150391 0.100586 1.150391 0.097656 1.151367 0.096680 1.151367 0.094727 1.155273 0.089844 1.156250 0.090820 1.156250 0.098633 1.158203 0.102539 1.157227 0.108398 1.158203 0.110352 1.158203 0.108398 1.159180 0.107422 1.161133 0.109375 1.160156 0.113281 1.162109 0.115234 1.162109 0.118164 1.164062 0.119141 1.164062 0.121094 1.166016 0.123047 1.168945 0.124023 1.171875 0.122070 1.171875 0.120117 1.170898 0.119141 1.172852 0.118164 1.174805 0.119141 1.177734 0.123047 1.180664 0.120117 1.180664 0.118164 1.183594 0.115234 1.184570 0.115234 1.185547 0.117188 1.185547 0.114258 1.186523 0.113281 1.186523 0.081055 1.182617 0.085938 1.182617 0.087891 1.180664 0.091797 1.178711 0.092773 1.177734 0.094727 1.175781 0.095703 1.174805 0.094727 1.173828 0.098633 1.172852 0.099609 1.171875 0.098633 1.166992 0.099609 1.165039 0.097656 1.165039 0.095703 1.164062 0.094727 1.164062 0.091797 1.166016 0.087891 1.166016 0.082031 1.165039 0.081055 1.165039 0.078125 1.166016 0.077148 1.166992 0.079102 1.166992 0.076172 1.166016 0.075195 1.166992 0.074219 1.166992 0.071289 1.166016 0.070312 1.166016 0.063477 1.166992 0.062500 1.166016 0.063477 1.165039 0.062500 1.165039 0.059570 1.164062 0.060547 1.161133 0.066406 1.160156 0.071289 1.159180 0.072266 1.157227 0.069336 1.156250 0.062500 1.155273 0.064453 1.154297 0.062500 1.149414 0.062500 1.148438 0.061523 1.148438 0.058594 1.150391 0.056641 1.150391 0.049805 1.149414 0.048828
1 1.163086 0.040039 1.162109 0.040039 1.161133 0.041016 1.159180 0.041016 1.158203 0.041992 1.158203 0.044922 1.159180 0.044922 1.160156 0.043945 1.161133 0.043945 1.161133 0.041992 1.162109 0.041016 1.163086 0.041992
1 1.178711 0.034180 1.175781 0.034180 1.174805 0.035156 1.173828 0.035156 1.172852 0.036133 1.170898 0.036133 1.169922 0.037109 1.168945 0.037109 1.167969 0.038086 1.166992 0.038086 1.166992 0.040039 1.166016 0.041016 1.166016 0.049805 1.166992 0.050781 1.166992 0.054688 1.166016 0.055664 1.166016 0.056641 1.165039 0.057617 1.166016 0.056641 1.166992 0.057617 1.166992 0.059570 1.168945 0.059570 1.169922 0.058594 1.169922 0.056641 1.170898 0.055664 1.170898 0.046875 1.171875 0.045898 1.172852 0.045898 1.173828 0.046875 1.174805 0.046875 1.176758 0.048828 1.176758 0.049805 1.177734 0.049805 1.177734 0.048828 1.178711 0.047852 1.178711 0.043945 1.179688 0.042969 1.179688 0.039062 1.178711 0.038086
1 1.160156 0.019531 1.158203 0.019531 1.154297 0.023438 1.154297 0.030273 1.153320 0.031250 1.153320 0.036133 1.155273 0.038086 1.156250 0.037109 1.157227 0.037109 1.157227 0.036133 1.158203 0.035156 1.158203 0.033203 1.159180 0.032227 1.158203 0.031250 1.158203 0.029297 1.159180 0.028320 1.159180 0.027344 1.160156 0.026367 1.160156 0.025391 1.161133 0.024414 1.161133 0.021484 1.160156 0.020508
1 1.433594 0.000000 1.435547 0.142578 1.441406 0.144531 1.441406 0.153320 1.435547 0.163086 1.436523 0.296875 1.458984 0.318359 1.462891 0.312500 1.458984 0.310547 1.462891 0.291992 1.470703 0.284180 1.474609 0.289062 1.477539 0.270508 1.486328 0.261719 1.483398 0.252930 1.486328 0.246094 1.480469 0.250977 1.481445 0.238281 1.487305 0.230469 1.488281 0.239258 1.500000 0.231445 1.501953 0.216797 1.505859 0.213867 1.502930 0.213867 1.502930 0.208008 1.509766 0.201172 1.506836 0.198242 1.508789 0.180664 1.517578 0.166992 1.523438 0.174805 1.525391 0.169922 1.542969 0.169922 1.548828 0.161133 1.553711 0.166016 1.560547 0.166016 1.570312 0.175781 1.584961 0.169922 1.594727 0.181641 1.594727 0.186523 1.600586 0.186523 1.602539 0.182617 1.604492 0.187500 1.612305 0.191406 1.612305 0.196289 1.618164 0.196289 1.629883 0.215820 1.624023 0.250977 1.629883 0.253906 1.625977 0.260742 1.624023 0.257812 1.627930 0.278320 1.638672 0.266602 1.630859 0.250000 1.632812 0.248047 1.639648 0.257812 1.644531 0.255859 1.643555 0.245117 1.649414 0.243164 1.652344 0.246094 1.654297 0.241211 1.657227 0.242188 1.654297 0.238281 1.659180 0.230469 1.665039 0.227539 1.668945 0.230469 1.676758 0.220703 1.673828 0.216797 1.684570 0.195312 1.687500 0.194336 1.688477 0.198242 1.692383 0.192383 1.693359 0.195312 1.696289 0.192383 1.722656 0.201172 1.733398 0.196289 1.729492 0.190430 1.731445 0.180664 1.726562 0.184570 1.720703 0.177734 1.724609 0.175781 1.722656 0.172852 1.725586 0.168945 1.727539 0.174805 1.730469 0.171875 1.731445 0.157227 1.735352 0.160156 1.737305 0.156250 1.738281 0.160156 1.747070 0.164062 1.755859 0.162109 1.753906 0.157227 1.757812 0.151367 1.759766 0.153320 1.760742 0.146484 1.767578 0.159180 1.762695 0.166992 1.769531 0.170898 1.765625 0.173828 1.769531 0.182617 1.783203 0.169922 1.787109 0.171875 1.793945 0.159180 1.803711 0.159180 1.806641 0.153320 1.826172 0.146484 1.824219 0.000000 1.709961 0.000000 1.709961 0.108398 1.520508 0.156250 1.514648 0.153320 1.514648 0.000000
1 1.305664 0.000000 1.305664 0.051758 1.306641 0.052734 1.306641 0.101562 1.307617 0.101562 1.308594 0.100586 1.310547 0.102539 1.310547 0.104492 1.312500 0.106445 1.313477 0.106445 1.315430 0.104492 1.316406 0.104492 1.317383 0.103516 1.318359 0.103516 1.318359 0.101562 1.320312 0.099609 1.321289 0.099609 1.322266 0.098633 1.322266 0.096680 1.323242 0.095703 1.324219 0.095703 1.324219 0.094727 1.325195 0.093750 1.325195 0.089844 1.326172 0.088867 1.326172 0.083984 1.329102 0.082031 1.329102 0.079102 1.331055 0.077148 1.331055 0.076172 1.332031 0.075195 1.332031 0.070312 1.335938 0.066406 1.335938 0.065430 1.336914 0.064453 1.336914 0.060547 1.337891 0.059570 1.338867 0.060547 1.338867 0.064453 1.338867 0.061523 1.339844 0.060547 1.339844 0.059570 1.338867 0.058594 1.338867 0.057617 1.340820 0.054688 1.340820 0.050781 1.339844 0.049805 1.339844 0.045898 1.340820 0.044922 1.340820 0.039062 1.339844 0.038086 1.339844 0.037109 1.340820 0.036133 1.340820 0.025391 1.339844 0.024414 1.338867 0.024414 1.338867 0.025391 1.337891 0.026367 1.336914 0.026367 1.334961 0.024414 1.334961 0.022461 1.333984 0.021484 1.333984 0.014648 1.333008 0.013672 1.333984 0.012695 1.333008 0.012695 1.332031 0.011719 1.332031 0.007812 1.331055 0.006836 1.331055 0.003906 1.330078 0.002930 1.328125 0.002930 1.327148 0.001953 1.327148 0.000977 1.326172 0.000977 1.326172 0.001953 1.324219 0.003906 1.323242 0.002930 1.321289 0.005859 1.320312 0.005859 1.319336 0.004883 1.317383 0.004883 1.315430 0.002930 1.313477 0.002930 1.311523 0.004883 1.309570 0.004883 1.306641 0.001953 1.306641 0.000000