1 1.316406 0.996094 1.315430 0.997070 1.315430 0.998047 1.316406 0.998047 1.317383 0.999023 1.317383 1.000000 1.320312 1.002930 1.321289 1.002930 1.322266 1.003906 1.322266 1.004883 1.322266 1.003906 1.321289 1.002930 1.321289 0.999023 1.318359 0.996094
1 1.804688 0.976562 1.800781 0.976562 1.800781 0.978516 1.799805 0.979492 1.799805 0.982422 1.800781 0.983398 1.800781 0.984375 1.801758 0.984375 1.802734 0.985352 1.806641 0.981445 1.806641 0.977539 1.805664 0.977539
1 1.232422 0.849609 1.232422 0.853516 1.236328 0.857422 1.238281 0.857422 1.238281 0.855469 1.237305 0.854492 1.237305 0.851562 1.236328 0.851562 1.235352 0.850586 1.233398 0.850586
1 0.916992 0.754883 0.917969 0.755859 0.917969 0.756836 0.916992 0.757812 0.917969 0.758789 0.917969 0.760742 0.918945 0.761719 0.919922 0.761719 0.920898 0.760742 0.921875 0.761719 0.921875 0.760742 0.920898 0.759766 0.920898 0.758789 0.921875 0.757812 0.920898 0.756836 0.920898 0.755859 0.921875 0.754883 0.921875 0.753906 0.920898 0.754883 0.919922 0.753906 0.918945 0.754883
1 0.136719 0.691406 0.134766 0.691406 0.132812 0.693359 0.131836 0.692383 0.130859 0.692383 0.127930 0.689453 0.126953 0.690430 0.125000 0.688477 0.124023 0.688477 0.123047 0.687500 0.120117 0.687500 0.118164 0.685547 0.118164 0.684570 0.117188 0.683594 0.118164 0.682617 0.116211 0.682617 0.115234 0.683594 0.110352 0.683594 0.109375 0.684570 0.109375 0.685547 0.108398 0.686523 0.108398 0.687500 0.107422 0.688477 0.107422 0.712891 0.108398 0.713867 0.108398 0.722656 0.116211 0.722656 0.116211 0.721680 0.114258 0.719727 0.114258 0.718750 0.115234 0.717773 0.119141 0.717773 0.120117 0.716797 0.121094 0.716797 0.122070 0.715820 0.124023 0.715820 0.125977 0.713867 0.130859 0.713867 0.131836 0.712891 0.132812 0.712891 0.133789 0.711914 0.133789 0.710938 0.134766 0.709961 0.134766 0.708008 0.135742 0.707031 0.135742 0.706055 0.136719 0.705078 0.136719 0.704102 0.137695 0.703125 0.136719 0.703125 0.135742 0.702148 0.135742 0.701172 0.136719 0.700195 0.136719 0.696289 0.135742 0.696289 0.134766 0.695312 0.134766 0.694336 0.135742 0.693359 0.135742 0.692383
1 0.274414 0.480469 0.273438 0.481445 0.273438 0.484375 0.274414 0.485352 0.275391 0.485352 0.276367 0.486328 0.277344 0.485352 0.278320 0.485352 0.278320 0.481445 0.277344 0.482422 0.276367 0.481445 0.275391 0.481445
1 1.206055 0.416992 1.205078 0.416992 1.204102 0.417969 1.201172 0.417969 1.200195 0.418945 1.199219 0.418945 1.199219 0.419922 1.198242 0.420898 1.198242 0.423828 1.199219 0.424805 1.199219 0.425781 1.201172 0.427734 1.203125 0.427734 1.204102 0.426758 1.207031 0.426758 1.207031 0.425781 1.206055 0.424805 1.207031 0.423828 1.207031 0.420898 1.208008 0.419922 1.208008 0.418945
1 0.128906 0.415039 0.128906 0.417969 0.129883 0.418945 0.130859 0.417969 0.131836 0.417969 0.132812 0.418945 0.133789 0.417969 0.134766 0.417969 0.135742 0.418945 0.135742 0.420898 0.136719 0.420898 0.137695 0.419922 0.137695 0.418945 0.136719 0.417969 0.136719 0.415039
1 1.329102 0.396484 1.328125 0.396484 1.328125 0.397461 1.327148 0.398438 1.326172 0.398438 1.325195 0.399414 1.322266 0.396484 1.320312 0.396484 1.319336 0.395508 1.318359 0.395508 1.318359 0.396484 1.317383 0.397461 1.316406 0.397461 1.314453 0.399414 1.311523 0.396484 1.309570 0.396484 1.308594 0.397461 1.308594 0.401367 1.306641 0.403320 1.305664 0.403320 1.305664 0.409180 1.306641 0.410156 1.311523 0.410156 1.312500 0.409180 1.313477 0.409180 1.316406 0.412109 1.317383 0.412109 1.320312 0.409180 1.322266 0.409180 1.324219 0.411133 1.325195 0.411133 1.326172 0.410156 1.325195 0.409180 1.326172 0.408203 1.328125 0.408203 1.329102 0.409180 1.330078 0.408203 1.330078 0.403320 1.329102 0.402344
1 1.279297 0.377930 1.279297 0.378906 1.278320 0.379883 1.277344 0.378906 1.277344 0.377930 1.276367 0.376953 1.275391 0.376953 1.272461 0.374023 1.271484 0.374023 1.270508 0.373047 1.269531 0.373047 1.267578 0.371094 1.263672 0.371094 1.262695 0.372070 1.262695 0.375977 1.260742 0.377930 1.259766 0.377930 1.258789 0.378906 1.257812 0.378906 1.256836 0.377930 1.250977 0.377930 1.250000 0.378906 1.247070 0.378906 1.246094 0.377930 1.242188 0.377930 1.241211 0.376953 1.240234 0.377930 1.238281 0.375977 1.236328 0.375977 1.234375 0.377930 1.233398 0.377930 1.233398 0.378906 1.232422 0.379883 1.230469 0.379883 1.230469 0.380859 1.229492 0.381836 1.228516 0.381836 1.227539 0.382812 1.226562 0.382812 1.225586 0.383789 1.224609 0.383789 1.224609 0.384766 1.223633 0.385742 1.222656 0.385742 1.222656 0.386719 1.218750 0.390625 1.219727 0.390625 1.220703 0.391602 1.220703 0.393555 1.219727 0.394531 1.219727 0.395508 1.220703 0.396484 1.220703 0.397461 1.219727 0.398438 1.218750 0.398438 1.217773 0.399414 1.216797 0.399414 1.215820 0.400391 1.215820 0.402344 1.216797 0.401367 1.217773 0.401367 1.218750 0.402344 1.218750 0.404297 1.219727 0.405273 1.219727 0.407227 1.220703 0.407227 1.221680 0.406250 1.222656 0.407227 1.223633 0.406250 1.229492 0.406250 1.229492 0.404297 1.231445 0.402344 1.233398 0.404297 1.234375 0.404297 1.235352 0.403320 1.235352 0.402344 1.236328 0.401367 1.238281 0.403320 1.241211 0.403320 1.242188 0.402344 1.245117 0.402344 1.246094 0.403320 1.248047 0.403320 1.248047 0.402344 1.250000 0.400391 1.250977 0.401367 1.253906 0.398438 1.254883 0.398438 1.257812 0.395508 1.258789 0.395508 1.259766 0.396484 1.261719 0.396484 1.262695 0.395508 1.269531 0.395508 1.270508 0.394531 1.270508 0.393555 1.274414 0.389648 1.276367 0.389648 1.277344 0.388672 1.278320 0.388672 1.278320 0.387695 1.279297 0.386719
1 0.000000 0.322266 0.000000 0.625000 0.002930 0.628906 0.017578 0.633789 0.028320 0.629883 0.028320 0.619141 0.032227 0.616211 0.033203 0.602539 0.031250 0.601562 0.038086 0.590820 0.039062 0.582031 0.042969 0.574219 0.047852 0.575195 0.048828 0.569336 0.055664 0.563477 0.058594 0.563477 0.061523 0.557617 0.078125 0.551758 0.085938 0.544922 0.087891 0.547852 0.090820 0.546875 0.092773 0.549805 0.098633 0.551758 0.104492 0.559570 0.117188 0.567383 0.131836 0.569336 0.135742 0.574219 0.138672 0.572266 0.138672 0.567383 0.153320 0.575195 0.162109 0.574219 0.161133 0.579102 0.166016 0.583008 0.166992 0.592773 0.171875 0.599609 0.175781 0.597656 0.171875 0.591797 0.176758 0.589844 0.192383 0.594727 0.196289 0.599609 0.208008 0.604492 0.208984 0.607422 0.205078 0.610352 0.208984 0.617188 0.207031 0.618164 0.209961 0.624023 0.208984 0.626953 0.217773 0.626953 0.216797 0.619141 0.220703 0.616211 0.223633 0.618164 0.227539 0.615234 0.230469 0.617188 0.241211 0.617188 0.248047 0.612305 0.255859 0.612305 0.259766 0.608398 0.264648 0.608398 0.268555 0.604492 0.284180 0.604492 0.286133 0.596680 0.285156 0.593750 0.279297 0.592773 0.277344 0.493164 0.265625 0.492188 0.257812 0.486328 0.252930 0.486328 0.250977 0.491211 0.236328 0.491211 0.221680 0.494141 0.220703 0.489258 0.223633 0.486328 0.221680 0.482422 0.210938 0.483398 0.207031 0.488281 0.203125 0.485352 0.203125 0.482422 0.196289 0.473633 0.196289 0.459961 0.192383 0.452148 0.180664 0.437500 0.181641 0.434570 0.175781 0.429688 0.168945 0.429688 0.167969 0.427734 0.164062 0.437500 0.157227 0.427734 0.147461 0.424805 0.135742 0.425781 0.128906 0.423828 0.126953 0.425781 0.123047 0.423828 0.124023 0.427734 0.122070 0.430664 0.115234 0.430664 0.102539 0.424805 0.100586 0.420898 0.086914 0.416016 0.083008 0.411133 0.078125 0.397461 0.070312 0.399414 0.068359 0.394531 0.058594 0.391602 0.054688 0.384766 0.045898 0.378906 0.042969 0.370117 0.043945 0.360352 0.033203 0.345703 0.034180 0.343750 0.038086 0.343750 0.039062 0.349609 0.042969 0.348633 0.045898 0.345703 0.041992 0.337891 0.036133 0.333008 0.022461 0.333008 0.015625 0.327148 0.008789 0.328125
1 1.562500 0.449219 1.541016 0.450195 1.513672 0.461914 1.486328 0.481445 1.469727 0.484375 1.459961 0.499023 1.454102 0.487305 1.439453 0.488281 1.436523 0.480469 1.414062 0.484375 1.405273 0.508789 1.396484 0.500977 1.398438 0.478516 1.381836 0.468750 1.388672 0.458984 1.405273 0.458984 1.417969 0.449219 1.427734 0.455078 1.432617 0.445312 1.447266 0.455078 1.453125 0.448242 1.450195 0.434570 1.441406 0.437500 1.451172 0.379883 1.421875 0.327148 1.405273 0.311523 1.388672 0.315430 1.390625 0.299805 1.379883 0.305664 1.366211 0.289062 1.350586 0.291016 1.333984 0.311523 1.325195 0.337891 1.328125 0.354492 1.317383 0.362305 1.290039 0.361328 1.292969 0.383789 1.308594 0.388672 1.327148 0.373047 1.349609 0.391602 1.348633 0.406250 1.360352 0.402344 1.362305 0.422852 1.329102 0.445312 1.290039 0.453125 1.280273 0.473633 1.291016 0.502930 1.287109 0.511719 1.273438 0.509766 1.262695 0.493164 1.253906 0.499023 1.234375 0.497070 1.244141 0.493164 1.230469 0.478516 1.252930 0.470703 1.261719 0.460938 1.261719 0.449219 1.222656 0.435547 1.210938 0.447266 1.190430 0.452148 1.187500 0.435547 1.180664 0.438477 1.159180 0.418945 1.156250 0.583984 0.878906 0.586914 0.869141 0.608398 0.878906 0.626953 0.875977 0.633789 0.885742 0.640625 0.885742 0.675781 0.895508 0.694336 0.895508 0.714844 0.927734 0.750000 0.926758 0.764648 0.919922 0.766602 0.930664 0.774414 0.934570 0.798828 0.946289 0.802734 0.946289 0.830078 0.958008 0.868164 0.953125 0.877930 0.963867 0.875000 0.986328 0.898438 1.000000 0.899414 1.005859 0.892578 1.031250 0.899414 1.045898 0.914062 1.063477 0.914062 1.075195 0.897461 1.092773 0.899414 1.094727 0.913086 1.111328 0.908203 1.126953 0.917969 1.142578 0.946289 1.164062 0.936523 1.169922 0.941406 1.170898 0.931641 1.179688 0.926758 1.197266 0.934570 1.197266 0.925781 1.219727 0.903320 1.215820 0.894531 1.226562 0.869141 1.221680 0.860352 1.244141 0.821289 1.233398 0.774414 1.243164 0.764648 1.236328 0.750000 1.247070 0.725586 1.229492 0.712891 1.225586 0.697266 1.235352 0.694336 1.227539 0.678711 1.218750 0.685547 1.210938 0.677734 1.210938 0.666016 1.227539 0.658203 1.250977 0.691406 1.250000 0.709961 1.256836 0.715820 1.267578 0.705078 1.308594 0.736328 1.335938 0.731445 1.344727 0.737305 1.353516 0.816406 1.369141 0.818359 1.370117 0.825195 1.379883 0.822266 1.399414 0.845703 1.419922 0.851562 1.433594 0.879883 1.443359 0.879883 1.436523 0.892578 1.440430 0.912109 1.455078 0.916016 1.462891 0.911133 1.475586 0.919922 1.488281 0.916016 1.494141 0.901367 1.499023 0.915039 1.507812 0.918945 1.505859 0.928711 1.520508 0.916992 1.533203 0.891602 1.545898 0.889648 1.542969 0.881836 1.535156 0.888672 1.532227 0.883789 1.541992 0.865234 1.552734 0.857422 1.568359 0.858398
1 0.265625 0.173828 0.265625 0.174805 0.264648 0.175781 0.263672 0.175781 0.263672 0.177734 0.264648 0.178711 0.264648 0.180664 0.265625 0.181641 0.266602 0.181641 0.267578 0.182617 0.265625 0.180664 0.265625 0.179688 0.266602 0.178711 0.267578 0.178711 0.268555 0.177734 0.268555 0.173828
1 1.624023 0.151367 1.622070 0.153320 1.621094 0.153320 1.620117 0.154297 1.618164 0.154297 1.617188 0.153320 1.616211 0.153320 1.615234 0.154297 1.611328 0.154297 1.610352 0.155273 1.609375 0.155273 1.609375 0.156250 1.604492 0.161133 1.604492 0.162109 1.602539 0.164062 1.602539 0.165039 1.601562 0.166016 1.600586 0.166016 1.600586 0.166992 1.599609 0.167969 1.599609 0.168945 1.598633 0.169922 1.597656 0.169922 1.595703 0.167969 1.594727 0.168945 1.593750 0.168945 1.592773 0.169922 1.592773 0.171875 1.591797 0.172852 1.591797 0.173828 1.590820 0.174805 1.590820 0.175781 1.589844 0.176758 1.589844 0.177734 1.591797 0.179688 1.589844 0.181641 1.592773 0.184570 1.592773 0.186523 1.593750 0.186523 1.594727 0.187500 1.594727 0.188477 1.596680 0.190430 1.596680 0.192383 1.597656 0.193359 1.597656 0.194336 1.598633 0.194336 1.599609 0.195312 1.599609 0.196289 1.600586 0.196289 1.606445 0.202148 1.607422 0.202148 1.608398 0.203125 1.609375 0.203125 1.611328 0.205078 1.612305 0.205078 1.613281 0.206055 1.617188 0.206055 1.618164 0.207031 1.618164 0.208984 1.621094 0.208984 1.622070 0.209961 1.624023 0.209961 1.625000 0.210938 1.625977 0.210938 1.626953 0.211914 1.626953 0.214844 1.628906 0.214844 1.629883 0.215820 1.630859 0.214844 1.630859 0.213867 1.629883 0.212891 1.627930 0.212891 1.626953 0.211914 1.627930 0.210938 1.631836 0.210938 1.632812 0.209961 1.633789 0.209961 1.636719 0.207031 1.636719 0.204102 1.637695 0.203125 1.638672 0.203125 1.640625 0.201172 1.641602 0.201172 1.641602 0.200195 1.642578 0.199219 1.643555 0.200195 1.643555 0.201172 1.647461 0.201172 1.648438 0.202148 1.649414 0.202148 1.650391 0.201172 1.650391 0.199219 1.653320 0.196289 1.653320 0.195312 1.654297 0.194336 1.654297 0.190430 1.656250 0.188477 1.656250 0.187500 1.654297 0.185547 1.654297 0.178711 1.653320 0.177734 1.653320 0.176758 1.650391 0.173828 1.650391 0.172852 1.649414 0.171875 1.649414 0.170898 1.647461 0.170898 1.646484 0.169922 1.646484 0.168945 1.645508 0.168945 1.643555 0.170898 1.642578 0.170898 1.641602 0.169922 1.641602 0.168945 1.640625 0.167969 1.640625 0.166992 1.639648 0.166016 1.637695 0.166016 1.636719 0.165039 1.635742 0.165039 1.634766 0.164062 1.634766 0.161133 1.632812 0.159180 1.632812 0.157227 1.631836 0.156250 1.631836 0.155273 1.630859 0.155273 1.629883 0.154297 1.629883 0.153320 1.628906 0.153320 1.627930 0.152344 1.627930 0.151367
1 0.284180 0.146484 0.281250 0.146484 0.281250 0.148438 0.276367 0.153320 0.274414 0.153320 0.274414 0.154297 0.273438 0.155273 0.264648 0.155273 0.265625 0.156250 0.265625 0.157227 0.266602 0.158203 0.266602 0.163086 0.267578 0.164062 0.267578 0.165039 0.268555 0.166016 0.269531 0.166016 0.271484 0.167969 0.270508 0.168945 0.270508 0.170898 0.271484 0.170898 0.270508 0.169922 0.271484 0.168945 0.273438 0.168945 0.274414 0.169922 0.274414 0.170898 0.275391 0.170898 0.276367 0.171875 0.277344 0.171875 0.278320 0.172852 0.277344 0.173828 0.275391 0.173828 0.274414 0.174805 0.275391 0.175781 0.277344 0.175781 0.278320 0.176758 0.278320 0.177734 0.277344 0.178711 0.276367 0.178711 0.276367 0.179688 0.280273 0.179688 0.281250 0.178711 0.281250 0.177734 0.282227 0.176758 0.281250 0.175781 0.281250 0.174805 0.279297 0.174805 0.278320 0.173828 0.279297 0.172852 0.280273 0.172852 0.281250 0.171875 0.282227 0.171875 0.283203 0.172852 0.285156 0.172852 0.286133 0.171875 0.287109 0.171875 0.289062 0.169922 0.289062 0.168945 0.290039 0.167969 0.291016 0.167969 0.291992 0.168945 0.292969 0.167969 0.293945 0.167969 0.294922 0.166992 0.294922 0.166016 0.293945 0.166016 0.292969 0.165039 0.292969 0.162109 0.293945 0.161133 0.293945 0.160156 0.294922 0.159180 0.294922 0.158203 0.293945 0.157227 0.294922 0.156250 0.293945 0.155273 0.294922 0.154297 0.295898 0.154297 0.294922 0.154297 0.292969 0.152344 0.291016 0.152344 0.290039 0.151367 0.290039 0.150391 0.288086 0.150391
1 0.637695 0.146484 0.636719 0.145508 0.636719 0.146484 0.635742 0.147461 0.632812 0.147461 0.630859 0.149414 0.628906 0.149414 0.627930 0.150391 0.619141 0.150391 0.619141 0.151367 0.623047 0.155273 0.633789 0.155273 0.633789 0.154297 0.634766 0.153320 0.634766 0.150391 0.636719 0.148438 0.636719 0.147461
1 1.473633 0.039062 1.472656 0.040039 1.472656 0.041992 1.473633 0.042969 1.473633 0.044922 1.474609 0.044922 1.475586 0.045898 1.475586 0.044922 1.474609 0.043945 1.474609 0.042969 1.475586 0.041992 1.475586 0.040039 1.474609 0.039062
1 1.404297 0.016602 1.407227 0.015625 1.409180 0.017578 1.411133 0.017578 1.414062 0.019531 1.414062 0.023438 1.413086 0.024414 1.412109 0.023438 1.414062 0.030273 1.415039 0.028320 1.416992 0.027344 1.418945 0.030273 1.423828 0.028320 1.430664 0.031250 1.432617 0.030273 1.436523 0.032227 1.436523 0.034180 1.438477 0.037109 1.438477 0.040039 1.437500 0.041016 1.440430 0.041016 1.441406 0.041992 1.437500 0.052734 1.437500 0.055664 1.436523 0.056641 1.434570 0.053711 1.431641 0.052734 1.426758 0.058594 1.427734 0.059570 1.426758 0.063477 1.427734 0.066406 1.430664 0.067383 1.432617 0.070312 1.436523 0.072266 1.437500 0.070312 1.439453 0.072266 1.441406 0.072266 1.445312 0.068359 1.446289 0.069336 1.448242 0.068359 1.448242 0.066406 1.450195 0.063477 1.452148 0.065430 1.455078 0.064453 1.458984 0.067383 1.463867 0.062500 1.465820 0.062500 1.465820 0.059570 1.467773 0.058594 1.466797 0.056641 1.466797 0.051758 1.467773 0.050781 1.466797 0.048828 1.467773 0.046875 1.464844 0.041992 1.469727 0.034180 1.469727 0.030273 1.470703 0.029297 1.473633 0.029297 1.476562 0.033203 1.478516 0.032227 1.481445 0.034180 1.483398 0.030273 1.484375 0.031250 1.488281 0.029297 1.491211 0.020508 1.493164 0.019531 1.494141 0.017578 1.496094 0.017578 1.497070 0.015625 1.499023 0.015625 1.501953 0.013672 1.504883 0.013672 1.506836 0.016602 1.506836 0.018555 1.503906 0.022461 1.503906 0.024414 1.500000 0.029297 1.500000 0.031250 1.501953 0.033203 1.500977 0.035156 1.502930 0.037109 1.502930 0.039062 1.501953 0.040039 1.500977 0.039062 1.498047 0.040039 1.496094 0.039062 1.495117 0.040039 1.497070 0.041992 1.498047 0.041016 1.500977 0.041992 1.502930 0.039062 1.504883 0.042969 1.502930 0.043945 1.501953 0.047852 1.502930 0.050781 1.503906 0.050781 1.505859 0.053711 1.505859 0.058594 1.503906 0.060547 1.501953 0.060547 1.500977 0.062500 1.501953 0.063477 1.499023 0.065430 1.499023 0.074219 1.500000 0.076172 1.502930 0.078125 1.502930 0.080078 1.505859 0.079102 1.512695 0.081055 1.512695 0.079102 1.514648 0.077148 1.520508 0.079102 1.522461 0.078125 1.524414 0.072266 1.529297 0.075195 1.530273 0.072266 1.539062 0.064453 1.540039 0.061523 1.539062 0.057617 1.540039 0.055664 1.537109 0.048828 1.538086 0.041992 1.541992 0.034180 1.547852 0.035156 1.549805 0.033203 1.550781 0.027344 1.553711 0.025391 1.555664 0.022461 1.552734 0.017578 1.553711 0.016602 1.555664 0.017578 1.556641 0.019531 1.556641 0.005859 1.555664 0.004883 1.555664 0.000000 1.409180 0.000000 1.411133 0.002930 1.411133 0.007812 1.408203 0.008789 1.407227 0.013672