1 1.630859 1.046875 1.627930 1.046875 1.626953 1.047852 1.624023 1.047852 1.624023 1.048828 1.625977 1.048828 1.626953 1.049805 1.630859 1.049805
1 1.802734 1.048828 1.799805 1.045898 1.795898 1.045898 1.792969 1.048828 1.791992 1.048828 1.791016 1.049805 1.789062 1.049805 1.789062 1.050781 1.788086 1.051758 1.789062 1.052734 1.789062 1.053711 1.800781 1.053711 1.802734 1.051758
1 1.064453 1.050781 1.063477 1.050781 1.062500 1.049805 1.060547 1.049805 1.059570 1.048828 1.059570 1.046875 1.060547 1.045898 1.058594 1.045898 1.057617 1.046875 1.053711 1.046875 1.052734 1.047852 1.050781 1.047852 1.049805 1.046875 1.048828 1.046875 1.048828 1.047852 1.047852 1.048828 1.046875 1.048828 1.046875 1.049805 1.045898 1.050781 1.045898 1.051758 1.043945 1.053711 1.042969 1.053711 1.043945 1.053711 1.044922 1.052734 1.045898 1.053711 1.064453 1.053711
1 1.615234 1.041016 1.616211 1.041992 1.617188 1.041992 1.618164 1.042969 1.620117 1.042969 1.621094 1.041992 1.622070 1.041992 1.623047 1.041016 1.624023 1.041016 1.625000 1.040039 1.627930 1.040039 1.628906 1.041016 1.630859 1.041016 1.630859 1.039062 1.631836 1.038086 1.617188 1.038086 1.615234 1.040039
1 1.325195 1.040039 1.324219 1.039062 1.323242 1.039062 1.322266 1.038086 1.321289 1.038086 1.320312 1.039062 1.319336 1.039062 1.318359 1.040039 1.317383 1.040039 1.316406 1.041016 1.316406 1.041992 1.315430 1.042969 1.316406 1.043945 1.315430 1.044922 1.314453 1.044922 1.314453 1.045898 1.315430 1.046875 1.319336 1.046875 1.320312 1.047852 1.321289 1.047852 1.321289 1.046875 1.325195 1.042969
1 0.439453 1.038086 0.439453 1.040039 0.440430 1.041016 0.441406 1.041016 0.442383 1.041992 0.444336 1.041992 0.446289 1.040039 0.449219 1.040039 0.451172 1.041992 0.457031 1.041992 0.458008 1.041016 0.459961 1.041016 0.460938 1.040039 0.460938 1.038086
1 0.250000 1.038086 0.250000 1.041016 0.249023 1.041992 0.250000 1.041992 0.250977 1.041016 0.253906 1.043945 0.253906 1.044922 0.252930 1.045898 0.251953 1.044922 0.250977 1.044922 0.251953 1.044922 0.254883 1.047852 0.255859 1.047852 0.256836 1.048828 0.260742 1.048828 0.260742 1.046875 0.261719 1.045898 0.262695 1.046875 0.262695 1.047852 0.263672 1.046875 0.264648 1.047852 0.264648 1.045898 0.265625 1.044922 0.265625 1.043945 0.264648 1.042969 0.264648 1.043945 0.265625 1.044922 0.264648 1.045898 0.263672 1.045898 0.262695 1.044922 0.262695 1.041016 0.261719 1.040039 0.261719 1.039062 0.262695 1.038086
1 0.709961 1.037109 0.709961 1.042969 0.710938 1.041992 0.711914 1.042969 0.711914 1.043945 0.714844 1.046875 0.714844 1.047852 0.717773 1.050781 0.719727 1.050781 0.720703 1.051758 0.721680 1.051758 0.721680 1.050781 0.722656 1.049805 0.722656 1.048828 0.724609 1.046875 0.724609 1.045898 0.723633 1.045898 0.722656 1.044922 0.722656 1.041016 0.723633 1.040039 0.724609 1.041016 0.724609 1.041992 0.725586 1.041992 0.725586 1.041016 0.723633 1.039062 0.723633 1.038086 0.710938 1.038086
1 1.003906 1.036133 1.003906 1.037109 1.019531 1.037109 1.015625 1.037109 1.014648 1.036133 1.009766 1.036133 1.008789 1.035156 1.007812 1.035156 1.006836 1.036133
1 1.388672 0.995117 1.388672 1.013672 1.389648 1.014648 1.389648 1.022461 1.390625 1.022461 1.390625 1.011719 1.389648 1.011719 1.388672 1.010742 1.388672 1.007812 1.389648 1.006836 1.389648 1.000977 1.388672 1.000000 1.388672 0.999023 1.389648 0.998047 1.389648 0.997070 1.388672 0.996094
1 1.400391 0.997070 1.401367 0.997070 1.402344 0.998047 1.401367 0.999023 1.402344 1.000000 1.401367 1.000977 1.401367 1.001953 1.399414 1.003906 1.400391 1.004883 1.400391 1.005859 1.401367 1.005859 1.402344 1.006836 1.402344 1.007812 1.397461 1.012695 1.397461 1.013672 1.399414 1.013672 1.400391 1.012695 1.401367 1.012695 1.402344 1.013672 1.403320 1.012695 1.404297 1.013672 1.405273 1.013672 1.407227 1.015625 1.407227 1.016602 1.408203 1.016602 1.409180 1.017578 1.412109 1.017578 1.414062 1.019531 1.415039 1.019531 1.416016 1.020508 1.419922 1.020508 1.421875 1.022461 1.420898 1.023438 1.420898 1.024414 1.421875 1.025391 1.421875 1.026367 1.423828 1.028320 1.425781 1.028320 1.426758 1.029297 1.426758 1.031250 1.427734 1.031250 1.428711 1.030273 1.430664 1.030273 1.431641 1.029297 1.430664 1.029297 1.429688 1.028320 1.430664 1.027344 1.432617 1.027344 1.434570 1.025391 1.432617 1.023438 1.432617 1.022461 1.431641 1.021484 1.431641 1.017578 1.430664 1.016602 1.426758 1.016602 1.425781 1.017578 1.424805 1.017578 1.423828 1.016602 1.423828 1.014648 1.424805 1.013672 1.424805 1.011719 1.425781 1.010742 1.425781 1.009766 1.426758 1.008789 1.425781 1.008789 1.424805 1.007812 1.424805 1.004883 1.425781 1.003906 1.425781 1.002930 1.424805 1.002930 1.422852 1.000977 1.420898 1.000977 1.419922 1.001953 1.417969 1.001953 1.416992 1.000977 1.414062 1.000977 1.413086 1.000000 1.413086 0.999023 1.412109 0.998047 1.412109 0.995117 1.411133 0.994141 1.406250 0.994141 1.404297 0.996094 1.402344 0.996094 1.401367 0.997070
1 0.229492 0.986328 0.229492 0.990234 0.230469 0.991211 0.230469 0.992188 0.232422 0.994141 0.232422 0.996094 0.234375 0.998047 0.234375 0.999023 0.237305 1.001953 0.238281 1.001953 0.239258 1.002930 0.240234 1.002930 0.240234 1.001953 0.241211 1.000977 0.242188 1.001953 0.242188 1.002930 0.243164 1.001953 0.244141 1.002930 0.244141 1.003906 0.245117 1.002930 0.249023 1.002930 0.250000 1.003906 0.250977 1.003906 0.252930 1.005859 0.253906 1.004883 0.254883 1.005859 0.257812 1.005859 0.257812 1.004883 0.256836 1.003906 0.256836 1.000977 0.255859 1.000000 0.255859 0.998047 0.254883 0.997070 0.254883 0.996094 0.253906 0.995117 0.249023 0.995117 0.248047 0.994141 0.248047 0.992188 0.245117 0.989258 0.245117 0.988281 0.242188 0.985352 0.242188 0.984375 0.241211 0.984375 0.240234 0.983398 0.240234 0.982422 0.239258 0.982422 0.238281 0.981445 0.237305 0.981445 0.235352 0.983398 0.234375 0.983398 0.233398 0.984375 0.231445 0.984375
1 1.395508 0.977539 1.394531 0.978516 1.394531 0.981445 1.393555 0.982422 1.394531 0.983398 1.393555 0.984375 1.393555 0.986328 1.394531 0.987305 1.394531 1.009766 1.395508 1.008789
1 1.087891 0.967773 1.086914 0.968750 1.083008 0.968750 1.083008 1.033203 1.086914 1.033203 1.085938 1.033203 1.084961 1.032227 1.084961 1.029297 1.083984 1.028320 1.083984 1.025391 1.084961 1.024414 1.085938 1.024414 1.086914 1.023438 1.086914 1.022461 1.088867 1.020508 1.089844 1.020508 1.090820 1.019531 1.091797 1.019531 1.093750 1.021484 1.093750 1.024414 1.094727 1.025391 1.094727 1.026367 1.095703 1.026367 1.096680 1.027344 1.097656 1.027344 1.099609 1.025391 1.101562 1.025391 1.101562 1.024414 1.102539 1.023438 1.101562 1.022461 1.102539 1.021484 1.103516 1.021484 1.102539 1.020508 1.102539 1.017578 1.101562 1.016602 1.101562 1.015625 1.100586 1.015625 1.099609 1.014648 1.099609 1.013672 1.098633 1.013672 1.097656 1.012695 1.097656 1.010742 1.092773 1.010742 1.091797 1.009766 1.091797 1.008789 1.092773 1.007812 1.091797 1.006836 1.091797 1.000000 1.093750 0.998047 1.093750 0.997070 1.095703 0.995117 1.095703 0.994141 1.096680 0.993164 1.097656 0.993164 1.098633 0.992188 1.098633 0.990234 1.096680 0.988281 1.095703 0.988281 1.094727 0.987305 1.093750 0.988281 1.091797 0.986328 1.092773 0.985352 1.092773 0.974609 1.093750 0.973633 1.093750 0.972656 1.092773 0.971680 1.090820 0.971680 1.089844 0.970703 1.089844 0.969727
1 0.520508 0.974609 0.523438 0.976562 0.522461 0.977539 0.523438 0.976562 0.524414 0.976562 0.525391 0.977539 0.530273 0.977539 0.533203 0.979492 0.537109 0.979492 0.538086 0.978516 0.541992 0.978516 0.542969 0.979492 0.544922 0.979492 0.545898 0.980469 0.546875 0.980469 0.548828 0.982422 0.547852 0.983398 0.546875 0.983398 0.546875 0.984375 0.547852 0.985352 0.547852 0.983398 0.548828 0.982422 0.549805 0.983398 0.549805 0.985352 0.550781 0.985352 0.551758 0.986328 0.551758 0.987305 0.552734 0.987305 0.553711 0.988281 0.553711 0.989258 0.551758 0.991211 0.550781 0.991211 0.550781 0.992188 0.551758 0.993164 0.552734 0.992188 0.553711 0.993164 0.554688 0.993164 0.556641 0.996094 0.555664 0.997070 0.556641 0.998047 0.557617 0.998047 0.558594 0.997070 0.560547 0.999023 0.563477 1.000000 0.565430 1.001953 0.565430 1.002930 0.566406 1.003906 0.567383 1.003906 0.568359 1.002930 0.569336 1.003906 0.569336 1.005859 0.568359 1.006836 0.568359 1.012695 0.570312 1.014648 0.569336 1.015625 0.569336 1.016602 0.570312 1.016602 0.571289 1.015625 0.572266 1.016602 0.572266 1.018555 0.573242 1.018555 0.575195 1.016602 0.576172 1.017578 0.577148 1.017578 0.578125 1.018555 0.578125 1.019531 0.577148 1.020508 0.579102 1.022461 0.578125 1.023438 0.583008 1.023438 0.583984 1.022461 0.583008 1.019531 0.583984 1.018555 0.585938 1.018555 0.583984 1.018555 0.583008 1.017578 0.583008 1.012695 0.581055 1.010742 0.581055 1.009766 0.580078 1.008789 0.580078 1.006836 0.578125 1.003906 0.578125 1.002930 0.579102 1.001953 0.580078 1.001953 0.581055 1.000977 0.582031 1.001953 0.581055 1.000977 0.579102 1.000977 0.578125 1.000000 0.579102 0.999023 0.580078 0.999023 0.578125 0.999023 0.577148 1.000000 0.576172 0.999023 0.576172 0.998047 0.577148 0.997070 0.578125 0.997070 0.578125 0.996094 0.579102 0.995117 0.579102 0.991211 0.580078 0.990234 0.582031 0.990234 0.582031 0.989258 0.583008 0.988281 0.583984 0.988281 0.583984 0.986328 0.585938 0.984375 0.588867 0.984375 0.585938 0.982422 0.585938 0.976562 0.586914 0.975586 0.586914 0.974609 0.585938 0.973633 0.583984 0.973633 0.582031 0.971680 0.581055 0.971680 0.580078 0.970703 0.578125 0.970703 0.578125 0.971680 0.577148 0.972656 0.576172 0.972656 0.577148 0.972656 0.578125 0.973633 0.576172 0.975586 0.574219 0.975586 0.573242 0.976562 0.572266 0.976562 0.570312 0.978516 0.569336 0.978516 0.567383 0.976562 0.567383 0.974609 0.566406 0.975586 0.562500 0.971680 0.564453 0.968750 0.565430 0.969727 0.567383 0.969727 0.565430 0.967773 0.563477 0.967773 0.561523 0.970703 0.560547 0.970703 0.559570 0.969727 0.560547 0.968750 0.559570 0.969727 0.556641 0.968750 0.555664 0.969727 0.553711 0.969727 0.552734 0.970703 0.545898 0.970703 0.544922 0.971680 0.543945 0.970703 0.543945 0.969727 0.544922 0.968750 0.545898 0.968750 0.544922 0.968750 0.541992 0.970703 0.538086 0.970703 0.537109 0.969727 0.538086 0.968750 0.538086 0.967773 0.535156 0.970703 0.529297 0.970703 0.528320 0.971680 0.526367 0.971680 0.525391 0.972656 0.524414 0.971680 0.523438 0.972656 0.522461 0.972656
1 0.614258 0.965820 0.612305 0.965820 0.610352 0.963867 0.610352 0.962891 0.609375 0.963867 0.608398 0.963867 0.607422 0.964844 0.606445 0.963867 0.606445 0.966797 0.608398 0.966797 0.609375 0.967773 0.610352 0.967773 0.611328 0.966797 0.614258 0.966797
1 0.591797 0.958984 0.590820 0.958984 0.589844 0.959961 0.588867 0.959961 0.587891 0.958984 0.586914 0.959961 0.586914 0.960938 0.585938 0.961914 0.584961 0.960938 0.585938 0.961914 0.584961 0.962891 0.583008 0.962891 0.582031 0.963867 0.582031 0.966797 0.583008 0.965820 0.583008 0.964844 0.583984 0.963867 0.584961 0.964844 0.585938 0.964844 0.587891 0.966797 0.588867 0.965820 0.588867 0.962891 0.589844 0.961914 0.590820 0.962891 0.592773 0.960938 0.591797 0.959961
1 1.250977 0.954102 1.250000 0.955078 1.250000 0.957031 1.250977 0.958008 1.250977 0.960938 1.250000 0.961914 1.249023 0.961914 1.249023 0.963867 1.248047 0.964844 1.249023 0.965820 1.248047 0.966797 1.248047 0.968750 1.247070 0.969727 1.248047 0.970703 1.248047 0.972656 1.249023 0.973633 1.249023 0.974609 1.250000 0.974609 1.251953 0.976562 1.253906 0.976562 1.255859 0.978516 1.256836 0.978516 1.257812 0.979492 1.266602 0.979492 1.268555 0.981445 1.268555 0.983398 1.270508 0.983398 1.271484 0.984375 1.273438 0.984375 1.274414 0.985352 1.275391 0.985352 1.275391 0.984375 1.276367 0.983398 1.278320 0.983398 1.278320 0.982422 1.277344 0.981445 1.277344 0.978516 1.278320 0.977539 1.277344 0.977539 1.275391 0.979492 1.273438 0.977539 1.273438 0.974609 1.272461 0.973633 1.272461 0.969727 1.271484 0.968750 1.270508 0.968750 1.269531 0.967773 1.269531 0.966797 1.268555 0.965820 1.268555 0.964844 1.267578 0.965820 1.265625 0.965820 1.263672 0.963867 1.262695 0.963867 1.260742 0.961914 1.260742 0.959961 1.259766 0.958984 1.259766 0.958008 1.257812 0.956055 1.257812 0.954102 1.256836 0.953125 1.255859 0.953125 1.254883 0.954102
1 0.239258 0.947266 0.239258 0.951172 0.241211 0.951172 0.243164 0.949219 0.243164 0.948242 0.240234 0.948242
1 1.133789 0.944336 1.132812 0.944336 1.131836 0.945312 1.130859 0.944336 1.130859 0.942383 1.127930 0.945312 1.126953 0.945312 1.125977 0.946289 1.124023 0.946289 1.123047 0.945312 1.122070 0.946289 1.121094 0.946289 1.120117 0.947266 1.119141 0.947266 1.118164 0.946289 1.117188 0.947266 1.116211 0.947266 1.115234 0.946289 1.113281 0.946289 1.111328 0.948242 1.110352 0.947266 1.109375 0.947266 1.107422 0.949219 1.107422 0.950195 1.104492 0.953125 1.101562 0.953125 1.101562 0.955078 1.102539 0.956055 1.099609 0.958984 1.098633 0.958984 1.097656 0.959961 1.096680 0.959961 1.097656 0.959961 1.098633 0.960938 1.098633 0.961914 1.097656 0.962891 1.095703 0.962891 1.095703 0.963867 1.094727 0.964844 1.094727 0.965820 1.095703 0.966797 1.095703 0.967773 1.096680 0.967773 1.097656 0.968750 1.096680 0.969727 1.096680 0.970703 1.097656 0.971680 1.097656 0.974609 1.101562 0.978516 1.101562 0.979492 1.102539 0.980469 1.102539 0.982422 1.103516 0.983398 1.103516 0.984375 1.104492 0.984375 1.105469 0.985352 1.106445 0.985352 1.106445 0.984375 1.108398 0.982422 1.108398 0.981445 1.109375 0.980469 1.111328 0.980469 1.115234 0.976562 1.116211 0.976562 1.116211 0.975586 1.117188 0.974609 1.117188 0.973633 1.119141 0.971680 1.119141 0.970703 1.120117 0.969727 1.121094 0.969727 1.122070 0.970703 1.124023 0.970703 1.123047 0.969727 1.123047 0.968750 1.122070 0.967773 1.123047 0.966797 1.123047 0.965820 1.125000 0.963867 1.124023 0.962891 1.123047 0.962891 1.122070 0.961914 1.123047 0.960938 1.122070 0.959961 1.124023 0.958008 1.125000 0.958984 1.125000 0.959961 1.125000 0.958984 1.124023 0.958008 1.125000 0.957031 1.124023 0.956055 1.125977 0.954102 1.126953 0.954102 1.127930 0.953125 1.128906 0.953125 1.129883 0.952148 1.130859 0.952148 1.130859 0.950195 1.132812 0.948242 1.132812 0.945312
1 0.217773 0.938477 0.215820 0.938477 0.212891 0.941406 0.211914 0.940430 0.208984 0.943359 0.207031 0.943359 0.205078 0.945312 0.205078 0.947266 0.203125 0.949219 0.203125 0.950195 0.201172 0.952148 0.201172 0.956055 0.200195 0.957031 0.200195 0.958008 0.201172 0.958008 0.203125 0.959961 0.202148 0.960938 0.203125 0.961914 0.201172 0.963867 0.201172 0.964844 0.198242 0.967773 0.197266 0.967773 0.196289 0.968750 0.195312 0.968750 0.195312 0.970703 0.196289 0.970703 0.201172 0.975586 0.201172 0.976562 0.201172 0.975586 0.203125 0.973633 0.208008 0.973633 0.208984 0.974609 0.211914 0.974609 0.211914 0.973633 0.213867 0.971680 0.215820 0.971680 0.216797 0.970703 0.216797 0.969727 0.217773 0.968750 0.216797 0.967773 0.216797 0.963867 0.217773 0.962891 0.217773 0.961914 0.216797 0.960938 0.217773 0.959961 0.217773 0.958984 0.215820 0.957031 0.215820 0.955078 0.214844 0.955078 0.212891 0.953125 0.211914 0.953125 0.209961 0.951172 0.210938 0.950195 0.210938 0.949219 0.211914 0.948242 0.212891 0.948242 0.213867 0.949219 0.214844 0.949219 0.215820 0.950195 0.217773 0.950195 0.220703 0.947266 0.220703 0.943359 0.219727 0.942383 0.219727 0.941406 0.218750 0.940430 0.218750 0.939453
1 0.612305 0.937500 0.612305 0.940430 0.610352 0.941406 0.611328 0.942383 0.610352 0.944336 0.611328 0.945312 0.611328 0.947266 0.614258 0.949219 0.614258 0.956055 0.613281 0.957031 0.612305 0.961914 0.613281 0.962891 0.614258 0.961914 0.616211 0.962891 0.620117 0.962891 0.622070 0.964844 0.620117 0.965820 0.622070 0.964844 0.624023 0.967773 0.624023 0.972656 0.623047 0.973633 0.623047 0.977539 0.622070 0.978516 0.624023 0.981445 0.624023 0.985352 0.622070 0.987305 0.617188 0.987305 0.616211 0.986328 0.614258 0.987305 0.613281 0.985352 0.612305 0.986328 0.610352 0.984375 0.610352 0.980469 0.609375 0.979492 0.611328 0.977539 0.610352 0.976562 0.607422 0.976562 0.605469 0.979492 0.606445 0.980469 0.605469 0.981445 0.605469 0.984375 0.608398 0.988281 0.608398 0.991211 0.613281 0.994141 0.614258 0.993164 0.617188 0.993164 0.618164 0.994141 0.614258 0.996094 0.617188 0.996094 0.618164 0.997070 0.623047 0.996094 0.628906 0.999023 0.628906 1.000977 0.627930 1.001953 0.626953 1.000977 0.628906 1.003906 0.628906 1.005859 0.627930 1.006836 0.627930 1.011719 0.626953 1.012695 0.625000 1.012695 0.624023 1.011719 0.625977 1.013672 0.626953 1.012695 0.628906 1.014648 0.625977 1.018555 0.625000 1.017578 0.624023 1.018555 0.622070 1.014648 0.620117 1.013672 0.616211 1.013672 0.615234 1.012695 0.616211 1.009766 0.615234 1.007812 0.611328 1.005859 0.611328 1.003906 0.609375 1.000000 0.607422 1.000977 0.605469 1.000977 0.604492 1.000000 0.601562 1.001953 0.600586 1.000977 0.600586 0.997070 0.598633 0.998047 0.599609 0.999023 0.599609 1.004883 0.600586 1.005859 0.600586 1.007812 0.597656 1.009766 0.598633 1.010742 0.600586 1.010742 0.601562 1.011719 0.600586 1.012695 0.601562 1.013672 0.602539 1.012695 0.604492 1.014648 0.605469 1.017578 0.603516 1.018555 0.602539 1.017578 0.602539 1.015625 0.601562 1.017578 0.602539 1.017578 0.607422 1.023438 0.608398 1.023438 0.607422 1.021484 0.609375 1.020508 0.610352 1.022461 0.613281 1.024414 0.614258 1.026367 0.612305 1.029297 0.610352 1.028320 0.610352 1.029297 0.613281 1.029297 0.614258 1.030273 0.614258 1.033203 0.625977 1.033203 0.625977 1.030273 0.627930 1.028320 0.628906 1.029297 0.627930 1.028320 0.626953 1.029297 0.625000 1.027344 0.625000 1.019531 0.625977 1.018555 0.629883 1.018555 0.631836 1.020508 0.630859 1.022461 0.635742 1.021484 0.640625 1.025391 0.640625 1.026367 0.644531 1.030273 0.644531 1.033203 0.642578 1.034180 0.644531 1.034180 0.644531 0.995117 0.641602 0.997070 0.638672 0.993164 0.639648 0.991211 0.641602 0.991211 0.641602 0.989258 0.640625 0.991211 0.638672 0.991211 0.637695 0.990234 0.637695 0.987305 0.639648 0.985352 0.641602 0.985352 0.644531 0.983398 0.644531 0.976562 0.640625 0.976562 0.639648 0.975586 0.640625 0.973633 0.640625 0.969727 0.642578 0.965820 0.642578 0.961914 0.644531 0.960938 0.644531 0.959961 0.642578 0.958984 0.644531 0.958008 0.644531 0.955078 0.641602 0.953125 0.642578 0.951172 0.641602 0.950195 0.641602 0.948242 0.640625 0.948242 0.637695 0.944336 0.636719 0.944336 0.636719 0.946289 0.640625 0.956055 0.639648 0.957031 0.640625 0.958008 0.640625 0.961914 0.638672 0.964844 0.639648 0.966797 0.636719 0.968750 0.633789 0.967773 0.632812 0.966797 0.632812 0.962891 0.633789 0.961914 0.629883 0.959961 0.628906 0.958008 0.628906 0.953125 0.627930 0.952148 0.628906 0.950195 0.628906 0.946289 0.629883 0.945312 0.629883 0.939453 0.625000 0.937500 0.616211 0.937500 0.615234 0.938477 0.613281 0.938477
1 1.395508 0.927734 1.395508 0.958984 1.396484 0.959961 1.395508 0.960938 1.398438 0.960938 1.399414 0.961914 1.402344 0.961914 1.404297 0.959961 1.406250 0.959961 1.407227 0.958984 1.408203 0.959961 1.408203 0.960938 1.409180 0.960938 1.410156 0.961914 1.413086 0.961914 1.414062 0.960938 1.412109 0.958984 1.414062 0.957031 1.414062 0.956055 1.413086 0.955078 1.413086 0.954102 1.409180 0.950195 1.409180 0.947266 1.408203 0.946289 1.408203 0.945312 1.407227 0.944336 1.407227 0.943359 1.406250 0.942383 1.406250 0.941406 1.405273 0.941406 1.402344 0.938477 1.402344 0.937500 1.403320 0.936523 1.404297 0.936523 1.404297 0.935547 1.406250 0.933594 1.406250 0.932617 1.405273 0.933594 1.404297 0.932617 1.404297 0.931641 1.403320 0.931641 1.401367 0.929688 1.401367 0.928711 1.397461 0.928711 1.396484 0.927734
1 0.269531 0.923828 0.267578 0.925781 0.267578 0.926758 0.266602 0.927734 0.266602 0.928711 0.267578 0.929688 0.266602 0.930664 0.266602 0.932617 0.267578 0.933594 0.267578 0.934570 0.268555 0.935547 0.269531 0.935547
1 1.335938 0.922852 1.334961 0.923828 1.334961 0.925781 1.335938 0.926758 1.335938 0.931641 1.334961 0.932617 1.333008 0.932617 1.332031 0.933594 1.331055 0.933594 1.330078 0.934570 1.331055 0.935547 1.330078 0.936523 1.330078 0.939453 1.331055 0.940430 1.332031 0.940430 1.333008 0.939453 1.333984 0.939453 1.335938 0.941406 1.336914 0.941406 1.336914 0.938477 1.335938 0.937500 1.335938 0.930664 1.336914 0.929688 1.337891 0.930664 1.339844 0.930664 1.340820 0.929688 1.341797 0.930664 1.341797 0.929688 1.343750 0.927734 1.342773 0.928711 1.341797 0.927734 1.341797 0.923828 1.337891 0.923828 1.336914 0.922852
1 1.289062 0.920898 1.285156 0.920898 1.283203 0.922852 1.283203 0.925781 1.280273 0.928711 1.280273 0.937500 1.279297 0.938477 1.281250 0.940430 1.283203 0.940430 1.284180 0.941406 1.285156 0.941406 1.286133 0.940430 1.286133 0.939453 1.287109 0.938477 1.287109 0.937500 1.291016 0.933594 1.291016 0.929688 1.290039 0.928711 1.291016 0.927734 1.290039 0.926758 1.290039 0.921875
1 0.197266 0.915039 0.197266 0.917969 0.198242 0.918945 0.199219 0.918945 0.200195 0.919922 0.200195 0.920898 0.201172 0.921875 0.201172 0.922852 0.200195 0.923828 0.201172 0.924805 0.201172 0.925781 0.203125 0.927734 0.204102 0.927734 0.205078 0.928711 0.205078 0.929688 0.206055 0.929688 0.207031 0.930664 0.208984 0.930664 0.209961 0.929688 0.210938 0.929688 0.210938 0.928711 0.211914 0.927734 0.211914 0.926758 0.213867 0.924805 0.215820 0.926758 0.215820 0.924805 0.214844 0.923828 0.213867 0.924805 0.212891 0.923828 0.209961 0.923828 0.208008 0.921875 0.208008 0.920898 0.207031 0.919922 0.206055 0.919922 0.205078 0.918945 0.204102 0.918945 0.203125 0.917969 0.203125 0.916992 0.201172 0.915039 0.199219 0.915039 0.198242 0.914062
1 1.833008 0.909180 1.833008 0.923828 1.832031 0.924805 1.831055 0.924805 1.830078 0.925781 1.829102 0.925781 1.829102 0.927734 1.828125 0.928711 1.828125 0.930664 1.829102 0.931641 1.829102 0.932617 1.830078 0.933594 1.830078 0.934570 1.831055 0.935547 1.832031 0.935547 1.833008 0.936523 1.833008 0.967773 1.834961 0.967773 1.835938 0.966797 1.836914 0.966797 1.837891 0.965820 1.837891 0.964844 1.838867 0.963867 1.837891 0.962891 1.837891 0.960938 1.838867 0.959961 1.838867 0.958008 1.840820 0.956055 1.840820 0.954102 1.843750 0.951172 1.844727 0.952148 1.844727 0.954102 1.846680 0.956055 1.846680 0.957031 1.847656 0.957031 1.848633 0.956055 1.850586 0.956055 1.851562 0.957031 1.856445 0.952148 1.856445 0.949219 1.855469 0.948242 1.855469 0.947266 1.856445 0.946289 1.856445 0.945312 1.857422 0.944336 1.857422 0.943359 1.858398 0.942383 1.859375 0.942383 1.860352 0.941406 1.861328 0.941406 1.862305 0.940430 1.862305 0.938477 1.861328 0.938477 1.860352 0.937500 1.860352 0.935547 1.861328 0.934570 1.861328 0.932617 1.859375 0.930664 1.859375 0.929688 1.861328 0.927734 1.862305 0.928711 1.862305 0.925781 1.860352 0.923828 1.858398 0.923828 1.856445 0.921875 1.855469 0.921875 1.853516 0.919922 1.852539 0.919922 1.850586 0.917969 1.848633 0.917969 1.848633 0.918945 1.847656 0.919922 1.845703 0.919922 1.844727 0.918945 1.842773 0.918945 1.842773 0.921875 1.841797 0.922852 1.845703 0.926758 1.845703 0.927734 1.843750 0.929688 1.843750 0.930664 1.842773 0.931641 1.842773 0.934570 1.841797 0.935547 1.840820 0.934570 1.837891 0.934570 1.835938 0.932617 1.834961 0.932617 1.833984 0.931641 1.834961 0.930664 1.833984 0.929688 1.834961 0.928711 1.834961 0.927734 1.835938 0.926758 1.835938 0.924805 1.834961 0.923828 1.834961 0.918945 1.835938 0.917969 1.835938 0.916016 1.837891 0.914062 1.835938 0.912109 1.833984 0.912109 1.833008 0.911133
1 0.425781 0.907227 0.425781 0.908203 0.424805 0.909180 0.423828 0.908203 0.412109 0.908203 0.411133 0.909180 0.408203 0.909180 0.406250 0.911133 0.405273 0.911133 0.404297 0.912109 0.402344 0.912109 0.401367 0.911133 0.401367 0.910156 0.399414 0.910156 0.398438 0.909180 0.397461 0.910156 0.395508 0.910156 0.395508 0.911133 0.394531 0.912109 0.395508 0.915039 0.394531 0.916016 0.392578 0.914062 0.392578 0.913086 0.390625 0.913086 0.388672 0.915039 0.387695 0.914062 0.386719 0.915039 0.385742 0.914062 0.386719 0.915039 0.386719 0.916992 0.384766 0.918945 0.383789 0.918945 0.382812 0.919922 0.380859 0.917969 0.378906 0.917969 0.375977 0.915039 0.375000 0.916016 0.374023 0.916016 0.373047 0.915039 0.372070 0.916016 0.371094 0.916016 0.369141 0.917969 0.367188 0.917969 0.364258 0.919922 0.362305 0.919922 0.360352 0.921875 0.359375 0.920898 0.362305 0.922852 0.362305 0.925781 0.360352 0.927734 0.360352 0.935547 0.361328 0.935547 0.364258 0.938477 0.364258 0.939453 0.365234 0.940430 0.364258 0.943359 0.365234 0.942383 0.366211 0.943359 0.367188 0.943359 0.369141 0.945312 0.369141 0.947266 0.368164 0.948242 0.365234 0.948242 0.365234 0.951172 0.366211 0.951172 0.367188 0.950195 0.368164 0.951172 0.369141 0.951172 0.371094 0.953125 0.371094 0.958008 0.372070 0.958984 0.374023 0.958984 0.375977 0.960938 0.375977 0.961914 0.376953 0.962891 0.375977 0.965820 0.377930 0.965820 0.378906 0.966797 0.381836 0.966797 0.381836 0.964844 0.382812 0.963867 0.382812 0.960938 0.383789 0.959961 0.384766 0.959961 0.386719 0.958008 0.387695 0.958008 0.387695 0.956055 0.385742 0.954102 0.387695 0.951172 0.390625 0.950195 0.392578 0.953125 0.391602 0.954102 0.392578 0.953125 0.392578 0.950195 0.393555 0.949219 0.393555 0.948242 0.392578 0.947266 0.393555 0.946289 0.391602 0.944336 0.391602 0.943359 0.390625 0.944336 0.389648 0.944336 0.388672 0.943359 0.389648 0.942383 0.388672 0.942383 0.387695 0.941406 0.387695 0.940430 0.389648 0.938477 0.390625 0.938477 0.389648 0.937500 0.390625 0.936523 0.393555 0.936523 0.394531 0.937500 0.394531 0.938477 0.396484 0.941406 0.395508 0.942383 0.394531 0.942383 0.393555 0.941406 0.393555 0.943359 0.394531 0.943359 0.396484 0.941406 0.398438 0.943359 0.400391 0.940430 0.404297 0.940430 0.404297 0.937500 0.403320 0.936523 0.404297 0.935547 0.404297 0.932617 0.406250 0.929688 0.406250 0.928711 0.405273 0.927734 0.406250 0.926758 0.407227 0.926758 0.407227 0.925781 0.408203 0.924805 0.410156 0.924805 0.410156 0.920898 0.409180 0.919922 0.409180 0.918945 0.411133 0.916992 0.411133 0.915039 0.412109 0.914062 0.412109 0.912109 0.411133 0.911133 0.412109 0.910156 0.418945 0.910156 0.419922 0.911133 0.421875 0.911133 0.422852 0.912109 0.426758 0.912109 0.428711 0.910156 0.427734 0.910156 0.425781 0.908203
1 1.300781 0.905273 1.298828 0.907227 1.296875 0.911133 1.297852 0.912109 1.296875 0.913086 1.297852 0.915039 1.297852 0.916992 1.296875 0.917969 1.297852 0.918945 1.295898 0.920898 1.294922 0.924805 1.295898 0.924805 1.297852 0.927734 1.298828 0.927734 1.303711 0.931641 1.302734 0.932617 1.303711 0.934570 1.305664 0.934570 1.306641 0.935547 1.305664 0.937500 1.304688 0.936523 1.303711 0.937500 1.303711 0.942383 1.304688 0.944336 1.302734 0.948242 1.299805 0.948242 1.297852 0.946289 1.296875 0.946289 1.294922 0.948242 1.291992 0.948242 1.286133 0.952148 1.287109 0.956055 1.289062 0.957031 1.289062 0.961914 1.290039 0.962891 1.288086 0.964844 1.288086 0.966797 1.289062 0.967773 1.288086 0.969727 1.286133 0.970703 1.288086 0.973633 1.289062 0.972656 1.290039 0.973633 1.290039 0.975586 1.291992 0.975586 1.294922 0.977539 1.296875 0.976562 1.297852 0.971680 1.296875 0.970703 1.296875 0.968750 1.294922 0.967773 1.295898 0.966797 1.293945 0.964844 1.293945 0.959961 1.294922 0.958984 1.296875 0.958984 1.297852 0.959961 1.299805 0.959961 1.301758 0.961914 1.301758 0.963867 1.303711 0.967773 1.302734 0.968750 1.303711 0.969727 1.302734 0.970703 1.303711 0.971680 1.303711 0.974609 1.305664 0.976562 1.305664 0.977539 1.307617 0.978516 1.307617 0.981445 1.306641 0.982422 1.304688 0.981445 1.297852 0.988281 1.297852 0.991211 1.295898 0.992188 1.295898 0.993164 1.297852 0.994141 1.297852 0.996094 1.296875 0.997070 1.299805 1.000000 1.300781 1.000000 1.301758 1.001953 1.305664 1.001953 1.307617 1.004883 1.309570 1.004883 1.313477 1.007812 1.319336 1.007812 1.320312 1.005859 1.320312 0.997070 1.319336 0.995117 1.321289 0.993164 1.324219 0.993164 1.325195 0.992188 1.328125 0.994141 1.329102 0.999023 1.330078 0.999023 1.334961 1.004883 1.333984 1.005859 1.334961 1.006836 1.334961 1.010742 1.336914 1.012695 1.335938 1.014648 1.336914 1.013672 1.338867 1.013672 1.339844 1.014648 1.337891 1.015625 1.337891 1.016602 1.344727 1.025391 1.343750 1.026367 1.346680 1.028320 1.346680 1.031250 1.349609 1.033203 1.350586 1.032227 1.352539 1.032227 1.357422 1.026367 1.356445 1.023438 1.358398 1.021484 1.355469 1.018555 1.355469 1.017578 1.357422 1.015625 1.355469 1.013672 1.356445 1.011719 1.356445 1.008789 1.353516 1.005859 1.354492 1.003906 1.352539 1.003906 1.351562 1.002930 1.350586 0.999023 1.346680 0.999023 1.345703 0.998047 1.344727 0.999023 1.342773 0.997070 1.339844 0.997070 1.336914 0.994141 1.338867 0.991211 1.338867 0.988281 1.332031 0.984375 1.329102 0.985352 1.328125 0.983398 1.327148 0.983398 1.325195 0.985352 1.324219 0.984375 1.323242 0.980469 1.325195 0.978516 1.328125 0.977539 1.326172 0.973633 1.326172 0.971680 1.330078 0.968750 1.327148 0.962891 1.328125 0.961914 1.328125 0.958008 1.325195 0.955078 1.325195 0.953125 1.324219 0.953125 1.319336 0.947266 1.320312 0.946289 1.322266 0.946289 1.324219 0.944336 1.323242 0.943359 1.324219 0.942383 1.324219 0.940430 1.320312 0.935547 1.320312 0.934570 1.318359 0.934570 1.316406 0.932617 1.313477 0.927734 1.313477 0.924805 1.311523 0.921875 1.312500 0.919922 1.314453 0.918945 1.315430 0.919922 1.314453 0.918945 1.314453 0.917969 1.316406 0.916992 1.314453 0.914062 1.314453 0.911133 1.315430 0.910156 1.313477 0.910156 1.312500 0.908203 1.310547 0.907227 1.307617 0.907227 1.304688 0.905273 1.303711 0.906250
1 0.191406 0.901367 0.191406 0.906250 0.194336 0.909180 0.195312 0.909180 0.196289 0.910156 0.200195 0.910156 0.201172 0.909180 0.201172 0.901367
1 1.858398 0.887695 1.856445 0.887695 1.855469 0.888672 1.852539 0.888672 1.851562 0.889648 1.849609 0.889648 1.848633 0.890625 1.847656 0.890625 1.847656 0.891602 1.846680 0.892578 1.842773 0.892578 1.841797 0.893555 1.840820 0.893555 1.839844 0.892578 1.838867 0.892578 1.837891 0.893555 1.836914 0.893555 1.836914 0.895508 1.837891 0.896484 1.837891 0.897461 1.836914 0.898438 1.835938 0.898438 1.836914 0.899414 1.836914 0.900391 1.835938 0.901367 1.835938 0.902344 1.836914 0.901367 1.838867 0.901367 1.839844 0.902344 1.840820 0.902344 1.841797 0.901367 1.843750 0.903320 1.845703 0.903320 1.846680 0.904297 1.847656 0.904297 1.847656 0.902344 1.848633 0.901367 1.850586 0.901367 1.853516 0.898438 1.853516 0.897461 1.854492 0.896484 1.854492 0.895508 1.856445 0.893555 1.857422 0.893555 1.857422 0.892578 1.858398 0.891602
1 1.833984 0.865234 1.833984 0.867188 1.833008 0.868164 1.833008 0.880859 1.833984 0.880859 1.833984 0.879883 1.834961 0.878906 1.834961 0.876953 1.836914 0.875000 1.836914 0.873047 1.835938 0.872070 1.833984 0.872070 1.833008 0.871094 1.833008 0.868164 1.833984 0.867188
1 1.157227 0.864258 1.154297 0.867188 1.152344 0.867188 1.153320 0.868164 1.153320 0.869141 1.151367 0.871094 1.147461 0.871094 1.145508 0.869141 1.145508 0.868164 1.144531 0.868164 1.142578 0.866211 1.142578 0.865234 1.141602 0.865234 1.140625 0.866211 1.139648 0.865234 1.138672 0.866211 1.137695 0.865234 1.136719 0.866211 1.134766 0.866211 1.133789 0.865234 1.132812 0.866211 1.131836 0.865234 1.130859 0.865234 1.129883 0.866211 1.129883 0.867188 1.128906 0.868164 1.127930 0.868164 1.126953 0.867188 1.125977 0.868164 1.125000 0.868164 1.124023 0.867188 1.124023 0.868164 1.122070 0.870117 1.121094 0.870117 1.119141 0.872070 1.120117 0.873047 1.118164 0.875000 1.118164 0.876953 1.117188 0.877930 1.117188 0.880859 1.119141 0.882812 1.118164 0.883789 1.119141 0.884766 1.120117 0.884766 1.121094 0.885742 1.121094 0.886719 1.122070 0.886719 1.123047 0.887695 1.123047 0.888672 1.125000 0.888672 1.127930 0.891602 1.126953 0.892578 1.126953 0.893555 1.125977 0.894531 1.126953 0.894531 1.127930 0.895508 1.127930 0.898438 1.130859 0.898438 1.131836 0.899414 1.131836 0.903320 1.132812 0.903320 1.133789 0.904297 1.133789 0.905273 1.134766 0.906250 1.134766 0.907227 1.135742 0.908203 1.136719 0.908203 1.137695 0.909180 1.136719 0.910156 1.135742 0.910156 1.137695 0.912109 1.136719 0.913086 1.137695 0.914062 1.140625 0.914062 1.141602 0.915039 1.141602 0.916016 1.144531 0.916016 1.147461 0.913086 1.148438 0.914062 1.150391 0.912109 1.151367 0.912109 1.151367 0.910156 1.150391 0.910156 1.149414 0.909180 1.150391 0.908203 1.156250 0.908203 1.157227 0.909180 1.161133 0.909180 1.162109 0.908203 1.164062 0.908203 1.166016 0.906250 1.166992 0.906250 1.167969 0.905273 1.168945 0.905273 1.168945 0.903320 1.167969 0.903320 1.166992 0.902344 1.166992 0.901367 1.158203 0.901367 1.157227 0.900391 1.157227 0.891602 1.156250 0.890625 1.157227 0.889648 1.157227 0.880859 1.156250 0.879883 1.157227 0.878906 1.157227 0.875000 1.156250 0.874023 1.156250 0.873047 1.157227 0.872070 1.157227 0.866211 1.156250 0.865234
1 1.059570 0.862305 1.060547 0.863281 1.059570 0.864258 1.059570 0.866211 1.060547 0.867188 1.059570 0.868164 1.060547 0.869141 1.059570 0.870117 1.059570 0.872070 1.060547 0.872070 1.061523 0.873047 1.062500 0.873047 1.063477 0.874023 1.064453 0.874023 1.065430 0.875000 1.065430 0.875977 1.067383 0.874023 1.069336 0.874023 1.070312 0.875000 1.070312 0.871094 1.069336 0.870117 1.069336 0.865234 1.068359 0.865234 1.067383 0.864258 1.067383 0.862305 1.066406 0.862305 1.065430 0.861328 1.064453 0.862305
1 1.079102 0.860352 1.077148 0.860352 1.075195 0.862305 1.076172 0.863281 1.076172 0.866211 1.077148 0.867188 1.077148 0.870117 1.076172 0.871094 1.075195 0.871094 1.074219 0.872070 1.076172 0.872070 1.077148 0.873047 1.076172 0.874023 1.077148 0.873047 1.077148 0.872070 1.078125 0.871094 1.078125 0.870117 1.080078 0.868164 1.081055 0.869141 1.081055 0.870117 1.082031 0.870117 1.082031 0.869141 1.081055 0.869141 1.080078 0.868164 1.080078 0.867188 1.081055 0.866211 1.082031 0.867188 1.080078 0.865234 1.081055 0.864258 1.082031 0.864258 1.082031 0.862305 1.081055 0.862305
1 0.000000 0.860352 0.000000 0.875000 0.000977 0.875977 0.004883 0.875977 0.005859 0.876953 0.005859 0.877930 0.007812 0.877930 0.008789 0.878906 0.009766 0.881836 0.010742 0.881836 0.011719 0.882812 0.010742 0.883789 0.011719 0.884766 0.008789 0.886719 0.006836 0.886719 0.004883 0.888672 0.004883 0.890625 0.003906 0.891602 0.002930 0.891602 0.000977 0.889648 0.000000 0.889648 0.000000 0.904297 0.001953 0.906250 0.001953 0.907227 0.000000 0.910156 0.000000 0.922852 0.000977 0.923828 0.000977 0.924805 0.001953 0.924805 0.002930 0.925781 0.002930 0.928711 0.003906 0.929688 0.000977 0.931641 0.000977 0.933594 0.000000 0.934570 0.000000 0.985352 0.003906 0.989258 0.003906 0.990234 0.004883 0.991211 0.006836 0.991211 0.007812 0.990234 0.007812 0.985352 0.003906 0.981445 0.004883 0.980469 0.005859 0.980469 0.005859 0.978516 0.004883 0.977539 0.003906 0.977539 0.002930 0.976562 0.002930 0.975586 0.001953 0.975586 0.000000 0.973633 0.000000 0.972656 0.000977 0.971680 0.001953 0.971680 0.001953 0.970703 0.006836 0.964844 0.008789 0.964844 0.009766 0.963867 0.008789 0.962891 0.008789 0.961914 0.009766 0.960938 0.009766 0.959961 0.012695 0.957031 0.012695 0.956055 0.013672 0.955078 0.013672 0.953125 0.016602 0.950195 0.016602 0.948242 0.018555 0.945312 0.018555 0.943359 0.024414 0.937500 0.024414 0.936523 0.025391 0.935547 0.027344 0.935547 0.028320 0.934570 0.030273 0.934570 0.031250 0.933594 0.034180 0.932617 0.034180 0.929688 0.038086 0.923828 0.038086 0.920898 0.037109 0.919922 0.037109 0.917969 0.039062 0.915039 0.040039 0.916016 0.040039 0.913086 0.041016 0.912109 0.040039 0.911133 0.044922 0.906250 0.044922 0.904297 0.046875 0.902344 0.051758 0.902344 0.051758 0.901367 0.050781 0.901367 0.047852 0.899414 0.044922 0.899414 0.043945 0.898438 0.043945 0.892578 0.042969 0.891602 0.047852 0.885742 0.049805 0.885742 0.049805 0.876953 0.044922 0.876953 0.043945 0.875977 0.043945 0.875000 0.041992 0.876953 0.040039 0.876953 0.038086 0.875000 0.037109 0.875000 0.034180 0.873047 0.033203 0.873047 0.032227 0.874023 0.030273 0.874023 0.030273 0.875000 0.027344 0.876953 0.024414 0.874023 0.024414 0.873047 0.023438 0.873047 0.022461 0.872070 0.022461 0.870117 0.019531 0.867188 0.018555 0.867188 0.016602 0.864258 0.014648 0.864258 0.011719 0.862305 0.008789 0.862305 0.007812 0.861328 0.001953 0.861328 0.000977 0.860352
1 1.424805 0.858398 1.424805 0.859375 1.422852 0.861328 1.421875 0.861328 1.420898 0.862305 1.419922 0.862305 1.417969 0.864258 1.417969 0.865234 1.416016 0.867188 1.416992 0.868164 1.416992 0.869141 1.413086 0.873047 1.413086 0.874023 1.412109 0.875000 1.412109 0.875977 1.414062 0.877930 1.414062 0.879883 1.416992 0.879883 1.418945 0.881836 1.418945 0.882812 1.419922 0.883789 1.419922 0.885742 1.421875 0.887695 1.421875 0.888672 1.423828 0.888672 1.424805 0.889648 1.427734 0.889648 1.428711 0.890625 1.428711 0.888672 1.429688 0.887695 1.429688 0.884766 1.430664 0.883789 1.430664 0.881836 1.431641 0.880859 1.431641 0.879883 1.432617 0.878906 1.433594 0.878906 1.434570 0.879883 1.435547 0.878906 1.436523 0.878906 1.437500 0.877930 1.438477 0.877930 1.436523 0.875977 1.435547 0.875977 1.434570 0.876953 1.433594 0.875977 1.433594 0.875000 1.434570 0.874023 1.434570 0.873047 1.433594 0.872070 1.433594 0.871094 1.432617 0.870117 1.432617 0.867188 1.431641 0.867188 1.430664 0.866211 1.431641 0.865234 1.431641 0.864258 1.434570 0.861328 1.432617 0.859375 1.430664 0.859375 1.429688 0.858398
1 1.827148 0.854492 1.824219 0.854492 1.823242 0.855469 1.823242 0.856445 1.822266 0.857422 1.822266 0.858398 1.823242 0.858398 1.824219 0.859375 1.824219 0.861328 1.823242 0.862305 1.822266 0.862305 1.822266 0.867188 1.823242 0.867188 1.824219 0.866211 1.825195 0.866211 1.826172 0.865234 1.828125 0.865234 1.829102 0.866211 1.830078 0.865234 1.831055 0.865234 1.832031 0.864258 1.832031 0.859375 1.830078 0.859375 1.828125 0.857422 1.828125 0.855469
1 1.389648 0.854492 1.390625 0.855469 1.388672 0.857422 1.388672 0.879883 1.389648 0.880859 1.389648 0.884766 1.389648 0.880859 1.390625 0.879883 1.390625 0.876953 1.391602 0.875977 1.391602 0.873047 1.390625 0.872070 1.390625 0.868164 1.391602 0.867188 1.390625 0.866211 1.390625 0.855469
1 1.767578 0.853516 1.767578 0.865234 1.768555 0.864258 1.769531 0.865234 1.769531 0.864258 1.770508 0.863281 1.769531 0.862305 1.770508 0.861328 1.770508 0.859375 1.768555 0.857422 1.768555 0.853516
1 0.662109 0.804688 0.661133 0.804688 0.660156 0.803711 0.652344 0.803711 0.651367 0.804688 0.649414 0.804688 0.647461 0.806641 0.648438 0.807617 0.647461 0.808594 0.646484 0.808594 0.646484 0.812500 0.648438 0.814453 0.648438 0.816406 0.650391 0.816406 0.651367 0.817383 0.652344 0.817383 0.653320 0.816406 0.654297 0.816406 0.654297 0.815430 0.655273 0.814453 0.656250 0.814453 0.658203 0.812500 0.659180 0.812500 0.659180 0.811523 0.661133 0.809570 0.661133 0.805664
1 0.307617 0.801758 0.304688 0.801758 0.303711 0.800781 0.302734 0.800781 0.300781 0.802734 0.294922 0.802734 0.292969 0.804688 0.293945 0.805664 0.292969 0.806641 0.292969 0.807617 0.291992 0.808594 0.291992 0.809570 0.290039 0.811523 0.291016 0.812500 0.291016 0.813477 0.291992 0.814453 0.291992 0.816406 0.292969 0.817383 0.293945 0.816406 0.294922 0.816406 0.295898 0.815430 0.296875 0.815430 0.298828 0.813477 0.300781 0.813477 0.301758 0.812500 0.302734 0.813477 0.303711 0.813477 0.304688 0.812500 0.305664 0.812500 0.306641 0.811523 0.306641 0.810547 0.305664 0.809570 0.306641 0.808594 0.306641 0.803711 0.307617 0.802734
1 0.340820 0.797852 0.340820 0.798828 0.339844 0.799805 0.338867 0.799805 0.338867 0.805664 0.337891 0.806641 0.337891 0.814453 0.337891 0.813477 0.338867 0.812500 0.338867 0.810547 0.340820 0.808594
1 1.872070 0.794922 1.872070 0.796875 1.873047 0.797852 1.872070 0.798828 1.872070 0.799805 1.871094 0.800781 1.871094 0.803711 1.872070 0.804688 1.874023 0.804688 1.874023 0.794922
1 1.863281 0.786133 1.860352 0.786133 1.859375 0.787109 1.856445 0.787109 1.854492 0.789062 1.853516 0.788086 1.852539 0.789062 1.851562 0.788086 1.850586 0.788086 1.849609 0.789062 1.850586 0.789062 1.851562 0.790039 1.851562 0.791016 1.849609 0.792969 1.849609 0.794922 1.848633 0.795898 1.848633 0.796875 1.846680 0.798828 1.846680 0.799805 1.849609 0.802734 1.849609 0.803711 1.846680 0.806641 1.845703 0.806641 1.844727 0.805664 1.844727 0.807617 1.843750 0.808594 1.846680 0.810547 1.845703 0.811523 1.845703 0.813477 1.844727 0.814453 1.843750 0.814453 1.843750 0.815430 1.844727 0.815430 1.845703 0.816406 1.844727 0.817383 1.845703 0.818359 1.845703 0.819336 1.847656 0.821289 1.847656 0.827148 1.846680 0.828125 1.843750 0.828125 1.842773 0.827148 1.840820 0.827148 1.839844 0.826172 1.837891 0.828125 1.836914 0.828125 1.836914 0.829102 1.835938 0.830078 1.835938 0.833008 1.838867 0.834961 1.838867 0.837891 1.840820 0.839844 1.840820 0.842773 1.841797 0.843750 1.841797 0.845703 1.840820 0.846680 1.840820 0.854492 1.838867 0.856445 1.837891 0.855469 1.836914 0.855469 1.836914 0.856445 1.833984 0.859375 1.833984 0.860352 1.835938 0.860352 1.837891 0.862305 1.836914 0.863281 1.836914 0.866211 1.839844 0.868164 1.839844 0.869141 1.841797 0.871094 1.841797 0.873047 1.842773 0.874023 1.844727 0.874023 1.845703 0.875000 1.848633 0.875000 1.851562 0.876953 1.853516 0.876953 1.856445 0.874023 1.858398 0.874023 1.859375 0.873047 1.859375 0.871094 1.858398 0.870117 1.858398 0.869141 1.859375 0.868164 1.859375 0.867188 1.861328 0.865234 1.864258 0.865234 1.865234 0.864258 1.865234 0.862305 1.863281 0.860352 1.863281 0.857422 1.864258 0.856445 1.864258 0.855469 1.866211 0.853516 1.866211 0.852539 1.865234 0.851562 1.866211 0.850586 1.866211 0.848633 1.867188 0.847656 1.864258 0.847656 1.863281 0.846680 1.863281 0.844727 1.864258 0.843750 1.864258 0.842773 1.865234 0.841797 1.866211 0.841797 1.867188 0.842773 1.867188 0.845703 1.868164 0.845703 1.870117 0.843750 1.874023 0.847656 1.874023 0.848633 1.874023 0.815430 1.872070 0.815430 1.870117 0.813477 1.870117 0.812500 1.868164 0.810547 1.868164 0.807617 1.867188 0.806641 1.867188 0.804688 1.863281 0.800781 1.863281 0.799805 1.862305 0.798828 1.861328 0.798828 1.860352 0.799805 1.859375 0.798828 1.859375 0.797852 1.860352 0.796875 1.860352 0.794922 1.861328 0.793945 1.862305 0.793945 1.863281 0.792969 1.863281 0.791992 1.865234 0.790039 1.867188 0.790039 1.867188 0.789062 1.866211 0.788086 1.866211 0.787109 1.864258 0.787109
1 0.230469 0.785156 0.227539 0.786133 0.224609 0.789062 0.221680 0.789062 0.217773 0.792969 0.218750 0.799805 0.215820 0.804688 0.216797 0.806641 0.213867 0.809570 0.208984 0.811523 0.204102 0.807617 0.204102 0.894531 0.211914 0.892578 0.214844 0.889648 0.225586 0.892578 0.227539 0.894531 0.227539 0.897461 0.228516 0.896484 0.229492 0.897461 0.226562 0.902344 0.226562 0.908203 0.227539 0.909180 0.226562 0.913086 0.227539 0.914062 0.223633 0.915039 0.223633 0.917969 0.221680 0.918945 0.222656 0.922852 0.221680 0.924805 0.222656 0.923828 0.223633 0.924805 0.223633 0.927734 0.225586 0.926758 0.228516 0.928711 0.230469 0.926758 0.231445 0.927734 0.234375 0.926758 0.237305 0.921875 0.239258 0.922852 0.240234 0.921875 0.242188 0.924805 0.240234 0.925781 0.242188 0.929688 0.241211 0.932617 0.245117 0.935547 0.243164 0.941406 0.247070 0.945312 0.249023 0.945312 0.250977 0.947266 0.254883 0.954102 0.252930 0.961914 0.255859 0.965820 0.250977 0.971680 0.244141 0.969727 0.240234 0.961914 0.235352 0.962891 0.236328 0.969727 0.238281 0.970703 0.238281 0.974609 0.243164 0.977539 0.245117 0.977539 0.247070 0.975586 0.250000 0.977539 0.255859 0.979492 0.257812 0.978516 0.258789 0.979492 0.257812 0.981445 0.259766 0.984375 0.257812 0.990234 0.257812 0.998047 0.260742 1.000000 0.262695 1.003906 0.269531 1.005859 0.269531 0.974609 0.268555 0.973633 0.269531 0.972656 0.268555 0.970703 0.269531 0.967773 0.269531 0.953125 0.262695 0.948242 0.263672 0.946289 0.259766 0.942383 0.260742 0.941406 0.259766 0.940430 0.260742 0.938477 0.259766 0.935547 0.260742 0.931641 0.259766 0.929688 0.256836 0.928711 0.260742 0.919922 0.260742 0.916016 0.262695 0.913086 0.261719 0.909180 0.259766 0.907227 0.254883 0.907227 0.249023 0.902344 0.248047 0.893555 0.247070 0.894531 0.244141 0.893555 0.244141 0.888672 0.246094 0.886719 0.250977 0.887695 0.256836 0.894531 0.255859 0.895508 0.256836 0.897461 0.260742 0.896484 0.268555 0.902344 0.266602 0.904297 0.266602 0.906250 0.269531 0.907227 0.269531 0.843750 0.265625 0.834961 0.259766 0.829102 0.259766 0.824219 0.253906 0.820312 0.253906 0.817383 0.251953 0.816406 0.250977 0.813477 0.251953 0.811523 0.248047 0.810547 0.246094 0.808594 0.243164 0.795898 0.241211 0.791992 0.234375 0.785156
1 1.703125 0.769531 1.703125 0.775391 1.704102 0.776367 1.703125 0.777344 1.703125 0.778320 1.705078 0.780273 1.705078 0.781250 1.706055 0.780273 1.705078 0.779297 1.705078 0.777344 1.706055 0.776367 1.707031 0.777344 1.707031 0.778320 1.709961 0.781250 1.710938 0.781250 1.711914 0.782227 1.711914 0.783203 1.712891 0.784180 1.713867 0.784180 1.714844 0.785156 1.714844 0.790039 1.716797 0.791992 1.716797 0.792969 1.717773 0.793945 1.719727 0.793945 1.720703 0.794922 1.722656 0.794922 1.724609 0.792969 1.728516 0.792969 1.729492 0.793945 1.729492 0.794922 1.728516 0.795898 1.728516 0.798828 1.730469 0.796875 1.731445 0.797852 1.731445 0.798828 1.732422 0.799805 1.733398 0.799805 1.735352 0.801758 1.741211 0.801758 1.742188 0.802734 1.743164 0.802734 1.744141 0.801758 1.746094 0.801758 1.747070 0.802734 1.747070 0.805664 1.748047 0.806641 1.748047 0.807617 1.749023 0.808594 1.750977 0.808594 1.751953 0.809570 1.753906 0.809570 1.754883 0.810547 1.756836 0.810547 1.756836 0.769531
1 1.458008 0.769531 1.458008 0.976562 1.454102 0.977539 1.450195 0.984375 1.446289 0.983398 1.450195 0.990234 1.450195 1.009766 1.458008 1.009766 1.458008 1.033203 1.483398 1.033203 1.479492 1.026367 1.484375 1.019531 1.475586 1.010742 1.478516 1.004883 1.472656 0.991211 1.476562 0.983398 1.489258 0.975586 1.488281 0.971680 1.492188 0.970703 1.494141 0.961914 1.492188 0.958008 1.500977 0.950195 1.500977 0.944336 1.494141 0.945312 1.490234 0.941406 1.500977 0.937500 1.502930 0.943359 1.507812 0.945312 1.506836 0.951172 1.517578 0.940430 1.516602 0.930664 1.523438 0.920898 1.531250 0.927734 1.529297 0.934570 1.532227 0.938477 1.546875 0.938477 1.541016 0.927734 1.544922 0.920898 1.549805 0.923828 1.556641 0.922852 1.565430 0.930664 1.567383 0.927734 1.573242 0.934570 1.583008 0.930664 1.587891 0.938477 1.588867 0.934570 1.599609 0.943359 1.606445 0.943359 1.615234 0.951172 1.619141 0.950195 1.619141 0.953125 1.627930 0.958984 1.626953 0.961914 1.632812 0.963867 1.626953 0.969727 1.628906 0.973633 1.634766 0.962891 1.644531 0.961914 1.645508 0.974609 1.660156 0.982422 1.663086 0.989258 1.661133 0.993164 1.670898 0.997070 1.680664 1.008789 1.680664 1.005859 1.684570 1.006836 1.690430 1.002930 1.689453 0.993164 1.693359 0.987305 1.699219 0.988281 1.698242 0.992188 1.701172 0.994141 1.708984 0.987305 1.715820 0.997070 1.720703 0.997070 1.718750 1.000000 1.710938 0.997070 1.703125 1.000977 1.708984 1.021484 1.717773 1.026367 1.714844 1.033203 1.743164 1.033203 1.734375 1.019531 1.745117 1.023438 1.749023 1.030273 1.746094 1.034180 1.756836 1.033203 1.756836 0.876953 1.744141 0.870117 1.740234 0.864258 1.744141 0.863281 1.729492 0.858398 1.724609 0.854492 1.725586 0.851562 1.719727 0.848633 1.731445 0.831055 1.728516 0.825195 1.730469 0.816406 1.726562 0.813477 1.716797 0.813477 1.707031 0.791992 1.699219 0.791992 1.698242 0.794922 1.680664 0.792969 1.680664 0.900391 1.617188 0.901367 1.617188 0.909180 1.611328 0.911133 1.611328 0.901367 1.526367 0.901367 1.526367 0.818359 1.521484 0.816406 1.514648 0.825195 1.501953 0.828125 1.501953 0.822266 1.488281 0.807617 1.492188 0.798828 1.488281 0.791016 1.489258 0.784180 1.493164 0.784180 1.496094 0.779297 1.493164 0.777344 1.503906 0.769531
1 0.711914 0.769531 0.711914 0.893555 0.713867 0.899414 0.720703 0.899414 0.720703 0.905273 0.711914 0.910156 0.711914 1.033203 0.717773 1.033203 0.714844 1.027344 0.719727 1.021484 0.728516 1.027344 0.735352 1.023438 0.732422 1.020508 0.733398 1.013672 0.724609 1.006836 0.733398 1.003906 0.732422 1.000977 0.725586 1.000977 0.725586 0.994141 0.734375 0.987305 0.732422 0.980469 0.748047 0.970703 0.750977 0.957031 0.758789 0.957031 0.760742 0.951172 0.773438 0.944336 0.773438 0.937500 0.778320 0.934570 0.775391 0.931641 0.784180 0.916016 0.791992 0.916992 0.795898 0.924805 0.803711 0.925781 0.804688 0.920898 0.813477 0.919922 0.815430 0.922852 0.820312 0.920898 0.829102 0.924805 0.834961 0.930664 0.852539 0.930664 0.858398 0.938477 0.861328 0.936523 0.877930 0.953125 0.881836 0.953125 0.881836 0.959961 0.884766 0.959961 0.882812 0.968750 0.879883 0.969727 0.898438 0.976562 0.904297 0.982422 0.907227 0.975586 0.912109 0.979492 0.911133 0.976562 0.914062 0.975586 0.917969 0.984375 0.923828 0.987305 0.921875 0.992188 0.924805 0.990234 0.930664 1.000977 0.933594 0.999023 0.945312 1.008789 0.952148 1.004883 0.951172 0.993164 0.959961 0.991211 0.966797 1.003906 0.965820 1.009766 0.969727 1.012695 0.966797 1.015625 0.976562 1.022461 0.978516 1.033203 1.003906 1.033203 0.998047 1.026367 0.999023 1.023438 1.010742 1.023438 1.013672 1.028320 1.010742 1.032227 1.018555 1.033203 1.018555 0.769531 0.942383 0.769531 0.942383 0.900391 0.881836 0.901367 0.886719 0.909180 0.891602 0.908203 0.894531 0.915039 0.900391 0.917969 0.899414 0.923828 0.890625 0.925781 0.898438 0.938477 0.878906 0.932617 0.878906 0.923828 0.875977 0.922852 0.877930 0.916016 0.867188 0.908203 0.872070 0.901367 0.788086 0.901367 0.788086 0.816406 0.785156 0.815430 0.783203 0.821289 0.765625 0.831055 0.758789 0.822266 0.761719 0.817383 0.753906 0.816406 0.748047 0.808594 0.743164 0.819336 0.748047 0.823242 0.741211 0.825195 0.741211 0.818359 0.736328 0.815430 0.736328 0.811523 0.743164 0.811523 0.740234 0.809570 0.746094 0.807617 0.746094 0.801758 0.750000 0.799805 0.745117 0.790039 0.740234 0.791016 0.740234 0.787109 0.734375 0.787109 0.734375 0.774414 0.744141 0.774414 0.748047 0.784180 0.755859 0.777344 0.752930 0.772461 0.757812 0.769531 0.753906 0.765625 0.744141 0.766602 0.743164 0.769531
1 1.634766 0.759766 1.634766 0.760742 1.633789 0.761719 1.633789 0.763672 1.635742 0.765625 1.636719 0.764648 1.637695 0.765625 1.637695 0.766602 1.643555 0.766602 1.643555 0.765625 1.644531 0.764648 1.644531 0.763672 1.645508 0.762695 1.645508 0.761719 1.644531 0.760742 1.644531 0.759766 1.643555 0.759766 1.642578 0.758789 1.636719 0.758789 1.635742 0.759766
1 0.987305 0.763672 0.987305 0.761719 0.983398 0.757812 0.982422 0.758789 0.979492 0.758789 0.978516 0.759766 0.977539 0.758789 0.977539 0.759766 0.976562 0.760742 0.974609 0.760742 0.974609 0.762695 0.979492 0.762695 0.980469 0.763672
1 0.698242 0.754883 0.698242 0.761719 0.697266 0.762695 0.697266 0.765625 0.699219 0.765625 0.700195 0.766602 0.701172 0.766602 0.702148 0.767578 0.702148 0.768555 0.704102 0.766602 0.707031 0.766602 0.707031 0.754883
1 0.228516 0.752930 0.229492 0.752930 0.230469 0.753906 0.230469 0.754883 0.231445 0.754883 0.232422 0.753906 0.233398 0.753906 0.234375 0.754883 0.234375 0.757812 0.235352 0.758789 0.237305 0.758789 0.236328 0.757812 0.237305 0.756836 0.238281 0.756836 0.240234 0.758789 0.241211 0.758789 0.243164 0.756836 0.243164 0.753906 0.240234 0.753906 0.239258 0.752930 0.235352 0.752930 0.234375 0.751953 0.234375 0.750977 0.232422 0.750977 0.231445 0.751953 0.229492 0.751953
1 0.382812 0.747070 0.382812 0.750000 0.383789 0.749023 0.385742 0.750977 0.387695 0.750977 0.388672 0.751953 0.388672 0.752930 0.391602 0.752930 0.392578 0.751953 0.392578 0.750977 0.393555 0.750000 0.393555 0.749023 0.392578 0.748047 0.389648 0.748047 0.388672 0.747070 0.388672 0.746094 0.387695 0.745117 0.385742 0.745117 0.384766 0.746094 0.383789 0.746094
1 1.207031 0.744141 1.208008 0.745117 1.208008 0.747070 1.209961 0.749023 1.210938 0.749023 1.211914 0.750000 1.216797 0.750000 1.217773 0.750977 1.218750 0.750977 1.219727 0.750000 1.219727 0.749023 1.221680 0.747070 1.221680 0.746094 1.222656 0.745117 1.222656 0.744141 1.220703 0.742188 1.218750 0.742188 1.217773 0.741211 1.216797 0.742188 1.215820 0.742188 1.214844 0.741211 1.213867 0.742188 1.211914 0.740234 1.210938 0.741211 1.209961 0.741211 1.208984 0.742188 1.208984 0.743164 1.208008 0.744141
1 1.270508 0.737305 1.270508 0.739258 1.269531 0.740234 1.269531 0.741211 1.268555 0.742188 1.267578 0.742188 1.267578 0.743164 1.266602 0.744141 1.266602 0.745117 1.268555 0.747070 1.269531 0.747070 1.270508 0.748047 1.270508 0.751953 1.271484 0.752930 1.270508 0.753906 1.270508 0.754883 1.275391 0.754883 1.276367 0.753906 1.276367 0.750000 1.278320 0.748047 1.279297 0.748047 1.280273 0.747070 1.280273 0.742188 1.279297 0.741211 1.274414 0.741211 1.271484 0.738281 1.271484 0.737305
1 1.715820 0.728516 1.715820 0.731445 1.718750 0.731445 1.719727 0.732422 1.722656 0.732422 1.723633 0.733398 1.725586 0.733398 1.726562 0.734375 1.728516 0.734375 1.729492 0.735352 1.729492 0.736328 1.731445 0.736328 1.731445 0.735352 1.732422 0.734375 1.733398 0.734375 1.733398 0.733398 1.734375 0.732422 1.734375 0.730469 1.733398 0.729492 1.733398 0.728516 1.718750 0.728516 1.716797 0.730469 1.715820 0.729492
1 0.192383 0.732422 0.195312 0.732422 0.196289 0.733398 0.197266 0.733398 0.198242 0.732422 0.201172 0.732422 0.203125 0.730469 0.202148 0.729492 0.203125 0.728516 0.194336 0.728516 0.194336 0.729492 0.193359 0.730469 0.192383 0.730469
1 0.906250 0.704102 0.905273 0.705078 0.904297 0.705078 0.904297 0.708008 0.903320 0.708984 0.903320 0.710938 0.902344 0.711914 0.903320 0.712891 0.903320 0.714844 0.904297 0.715820 0.904297 0.717773 0.906250 0.715820 0.908203 0.715820 0.909180 0.716797 0.909180 0.714844 0.911133 0.712891 0.911133 0.708984 0.909180 0.707031 0.909180 0.706055 0.908203 0.705078 0.907227 0.705078
1 1.718750 0.703125 1.718750 0.707031 1.719727 0.708008 1.719727 0.708984 1.717773 0.710938 1.718750 0.711914 1.718750 0.714844 1.719727 0.715820 1.719727 0.721680 1.720703 0.722656 1.720703 0.724609 1.719727 0.725586 1.736328 0.725586 1.736328 0.724609 1.735352 0.723633 1.735352 0.722656 1.731445 0.718750 1.731445 0.716797 1.730469 0.715820 1.731445 0.714844 1.730469 0.713867 1.731445 0.712891 1.731445 0.709961 1.729492 0.708008 1.729492 0.706055 1.727539 0.706055 1.726562 0.705078 1.725586 0.705078 1.724609 0.704102 1.723633 0.704102 1.722656 0.703125
1 1.874023 0.701172 1.873047 0.702148 1.873047 0.703125 1.870117 0.706055 1.870117 0.707031 1.874023 0.707031
1 1.714844 0.682617 1.715820 0.683594 1.714844 0.684570 1.715820 0.684570 1.716797 0.685547 1.720703 0.685547 1.721680 0.686523 1.721680 0.687500 1.723633 0.687500 1.725586 0.685547 1.726562 0.685547 1.728516 0.683594 1.723633 0.678711 1.718750 0.678711
1 1.733398 0.667969 1.731445 0.669922 1.731445 0.678711 1.730469 0.679688 1.730469 0.681641 1.731445 0.682617 1.731445 0.684570 1.733398 0.686523 1.733398 0.687500 1.734375 0.688477 1.734375 0.689453 1.735352 0.690430 1.735352 0.691406 1.736328 0.692383 1.736328 0.697266 1.735352 0.698242 1.735352 0.699219 1.734375 0.700195 1.734375 0.706055 1.735352 0.707031 1.735352 0.710938 1.736328 0.711914 1.737305 0.711914 1.738281 0.712891 1.739258 0.711914 1.741211 0.711914 1.742188 0.712891 1.743164 0.712891 1.745117 0.714844 1.747070 0.714844 1.748047 0.715820 1.748047 0.716797 1.751953 0.720703 1.751953 0.722656 1.750977 0.723633 1.750977 0.725586 1.756836 0.725586 1.756836 0.669922 1.754883 0.669922 1.753906 0.670898 1.750977 0.670898 1.749023 0.672852 1.749023 0.674805 1.750977 0.676758 1.750000 0.677734 1.750000 0.678711 1.750977 0.679688 1.750977 0.684570 1.750000 0.685547 1.749023 0.685547 1.746094 0.682617 1.746094 0.681641 1.745117 0.680664 1.745117 0.679688 1.744141 0.679688 1.743164 0.678711 1.744141 0.677734 1.744141 0.674805 1.742188 0.672852 1.741211 0.672852 1.738281 0.669922 1.737305 0.669922 1.735352 0.667969
1 1.263672 0.657227 1.262695 0.657227 1.261719 0.658203 1.260742 0.658203 1.259766 0.659180 1.258789 0.659180 1.257812 0.660156 1.256836 0.660156 1.256836 0.661133 1.258789 0.663086 1.258789 0.664062 1.259766 0.664062 1.263672 0.660156
1 1.870117 0.635742 1.869141 0.635742 1.868164 0.636719 1.867188 0.636719 1.866211 0.637695 1.864258 0.637695 1.864258 0.638672 1.862305 0.640625 1.862305 0.645508 1.867188 0.645508 1.868164 0.644531 1.869141 0.644531 1.869141 0.643555 1.870117 0.642578 1.870117 0.641602 1.871094 0.640625 1.871094 0.639648 1.872070 0.638672 1.871094 0.637695 1.871094 0.636719
1 1.242188 0.629883 1.242188 0.630859 1.241211 0.631836 1.241211 0.634766 1.246094 0.639648 1.247070 0.639648 1.248047 0.638672 1.249023 0.639648 1.251953 0.639648 1.254883 0.642578 1.253906 0.643555 1.252930 0.643555 1.252930 0.644531 1.253906 0.645508 1.253906 0.647461 1.253906 0.646484 1.254883 0.645508 1.255859 0.646484 1.255859 0.647461 1.256836 0.647461 1.259766 0.650391 1.260742 0.649414 1.261719 0.650391 1.263672 0.650391 1.264648 0.651367 1.265625 0.650391 1.266602 0.650391 1.267578 0.649414 1.267578 0.643555 1.264648 0.640625 1.264648 0.638672 1.263672 0.637695 1.263672 0.635742 1.262695 0.634766 1.262695 0.633789 1.260742 0.633789 1.259766 0.632812 1.258789 0.632812 1.257812 0.633789 1.256836 0.633789 1.255859 0.634766 1.252930 0.631836 1.251953 0.631836 1.250977 0.630859 1.250977 0.629883
1 1.171875 0.625000 1.170898 0.625000 1.168945 0.626953 1.168945 0.628906 1.169922 0.629883 1.169922 0.630859 1.171875 0.630859 1.173828 0.628906 1.173828 0.626953
1 1.618164 0.627930 1.620117 0.629883 1.618164 0.631836 1.618164 0.633789 1.616211 0.635742 1.612305 0.635742 1.612305 0.637695 1.614258 0.639648 1.615234 0.639648 1.617188 0.641602 1.618164 0.641602 1.620117 0.643555 1.620117 0.644531 1.621094 0.645508 1.621094 0.648438 1.622070 0.649414 1.624023 0.649414 1.625000 0.650391 1.625977 0.650391 1.627930 0.652344 1.627930 0.653320 1.628906 0.654297 1.627930 0.655273 1.626953 0.655273 1.625000 0.657227 1.625000 0.659180 1.624023 0.660156 1.624023 0.664062 1.625000 0.665039 1.625000 0.666992 1.625977 0.667969 1.628906 0.667969 1.629883 0.666992 1.631836 0.666992 1.632812 0.666016 1.633789 0.666016 1.633789 0.665039 1.634766 0.664062 1.638672 0.667969 1.637695 0.668945 1.638672 0.669922 1.638672 0.670898 1.641602 0.670898 1.642578 0.671875 1.643555 0.670898 1.647461 0.670898 1.648438 0.671875 1.650391 0.671875 1.652344 0.673828 1.654297 0.673828 1.656250 0.675781 1.657227 0.675781 1.658203 0.676758 1.657227 0.677734 1.657227 0.679688 1.658203 0.680664 1.659180 0.680664 1.662109 0.683594 1.665039 0.683594 1.666016 0.682617 1.666992 0.682617 1.670898 0.678711 1.670898 0.674805 1.668945 0.672852 1.668945 0.670898 1.669922 0.669922 1.671875 0.669922 1.672852 0.668945 1.673828 0.668945 1.674805 0.669922 1.674805 0.670898 1.675781 0.671875 1.675781 0.672852 1.676758 0.672852 1.677734 0.671875 1.680664 0.671875 1.681641 0.670898 1.682617 0.670898 1.683594 0.669922 1.683594 0.666992 1.684570 0.666016 1.684570 0.662109 1.686523 0.660156 1.686523 0.658203 1.685547 0.657227 1.685547 0.654297 1.686523 0.653320 1.685547 0.652344 1.685547 0.648438 1.684570 0.647461 1.684570 0.645508 1.683594 0.644531 1.681641 0.644531 1.680664 0.643555 1.680664 0.642578 1.679688 0.642578 1.678711 0.641602 1.678711 0.638672 1.676758 0.636719 1.676758 0.634766 1.674805 0.632812 1.674805 0.631836 1.673828 0.631836 1.672852 0.630859 1.671875 0.630859 1.670898 0.631836 1.665039 0.631836 1.664062 0.630859 1.664062 0.629883 1.663086 0.628906 1.663086 0.625977 1.662109 0.625000 1.661133 0.625000 1.660156 0.624023 1.659180 0.625000 1.658203 0.624023 1.655273 0.624023 1.654297 0.625000 1.653320 0.624023 1.652344 0.624023 1.651367 0.623047 1.647461 0.623047 1.644531 0.620117 1.643555 0.620117 1.642578 0.621094 1.641602 0.620117 1.640625 0.620117 1.640625 0.621094 1.639648 0.622070 1.631836 0.622070 1.629883 0.624023 1.629883 0.625000 1.628906 0.625977 1.627930 0.625977 1.626953 0.626953 1.620117 0.626953 1.619141 0.627930
1 1.262695 0.618164 1.262695 0.619141 1.263672 0.620117 1.263672 0.621094 1.265625 0.621094 1.266602 0.622070 1.266602 0.617188 1.264648 0.617188 1.263672 0.618164
1 1.214844 0.612305 1.214844 0.613281 1.223633 0.622070 1.223633 0.623047 1.224609 0.624023 1.225586 0.624023 1.226562 0.623047 1.230469 0.623047 1.230469 0.622070 1.231445 0.621094 1.232422 0.621094 1.233398 0.620117 1.234375 0.621094 1.235352 0.620117 1.236328 0.620117 1.237305 0.621094 1.243164 0.621094 1.243164 0.611328 1.240234 0.608398 1.239258 0.608398 1.238281 0.607422 1.235352 0.607422 1.234375 0.608398 1.233398 0.608398 1.233398 0.609375 1.232422 0.610352 1.229492 0.610352 1.227539 0.608398 1.226562 0.608398 1.225586 0.607422 1.224609 0.607422 1.223633 0.608398 1.222656 0.607422 1.221680 0.607422 1.219727 0.609375 1.217773 0.609375
1 0.002930 0.601562 0.002930 0.602539 0.001953 0.603516 0.000000 0.603516 0.000000 0.606445 0.001953 0.606445 0.002930 0.605469 0.003906 0.605469 0.003906 0.602539
1 1.396484 0.600586 1.396484 0.601562 1.395508 0.602539 1.395508 0.615234 1.400391 0.615234 1.400391 0.614258 1.401367 0.613281 1.402344 0.613281 1.402344 0.609375 1.403320 0.608398 1.403320 0.605469 1.404297 0.604492 1.404297 0.602539 1.401367 0.602539 1.400391 0.601562 1.400391 0.600586
1 1.020508 0.583984 1.020508 0.596680 1.028320 0.596680 1.029297 0.595703 1.035156 0.595703 1.035156 0.594727 1.034180 0.593750 1.035156 0.592773 1.036133 0.592773 1.034180 0.592773 1.033203 0.591797 1.032227 0.592773 1.031250 0.591797 1.030273 0.591797 1.029297 0.590820 1.030273 0.589844 1.029297 0.588867 1.027344 0.588867 1.026367 0.587891 1.027344 0.586914 1.027344 0.584961 1.026367 0.583984 1.025391 0.583984 1.024414 0.584961 1.023438 0.583984 1.022461 0.584961 1.021484 0.584961
1 1.458984 0.577148 1.458984 0.578125 1.458008 0.579102 1.458008 0.583008 1.458984 0.583008 1.459961 0.583984 1.459961 0.584961 1.460938 0.583984 1.461914 0.584961 1.462891 0.583984 1.464844 0.583984 1.465820 0.583008 1.465820 0.579102 1.464844 0.578125 1.464844 0.577148 1.463867 0.577148 1.462891 0.578125 1.461914 0.577148
1 1.483398 0.588867 1.483398 0.592773 1.484375 0.593750 1.484375 0.596680 1.485352 0.597656 1.485352 0.605469 1.488281 0.608398 1.489258 0.608398 1.490234 0.609375 1.489258 0.610352 1.489258 0.611328 1.490234 0.612305 1.490234 0.614258 1.492188 0.616211 1.496094 0.616211 1.497070 0.617188 1.498047 0.616211 1.499023 0.616211 1.500000 0.617188 1.502930 0.617188 1.504883 0.619141 1.506836 0.617188 1.510742 0.621094 1.512695 0.621094 1.515625 0.618164 1.515625 0.617188 1.514648 0.616211 1.514648 0.612305 1.515625 0.611328 1.517578 0.611328 1.518555 0.610352 1.519531 0.610352 1.519531 0.606445 1.521484 0.603516 1.524414 0.603516 1.525391 0.604492 1.525391 0.605469 1.528320 0.605469 1.529297 0.606445 1.532227 0.606445 1.533203 0.607422 1.536133 0.607422 1.537109 0.606445 1.537109 0.604492 1.539062 0.601562 1.539062 0.599609 1.540039 0.598633 1.541016 0.598633 1.541992 0.599609 1.541016 0.600586 1.542969 0.602539 1.542969 0.606445 1.543945 0.607422 1.543945 0.608398 1.545898 0.610352 1.546875 0.610352 1.547852 0.611328 1.550781 0.611328 1.550781 0.610352 1.551758 0.609375 1.552734 0.609375 1.555664 0.607422 1.557617 0.609375 1.562500 0.609375 1.563477 0.610352 1.564453 0.609375 1.565430 0.610352 1.568359 0.608398 1.568359 0.605469 1.569336 0.604492 1.569336 0.603516 1.567383 0.601562 1.568359 0.600586 1.568359 0.597656 1.566406 0.595703 1.566406 0.593750 1.527344 0.593750 1.526367 0.592773 1.526367 0.581055 1.525391 0.580078 1.526367 0.579102 1.526367 0.575195 1.525391 0.574219 1.526367 0.573242 1.526367 0.572266 1.520508 0.572266 1.519531 0.571289 1.519531 0.570312 1.517578 0.570312 1.515625 0.572266 1.511719 0.572266 1.508789 0.575195 1.503906 0.575195 1.501953 0.577148 1.500977 0.577148 1.498047 0.580078 1.496094 0.580078 1.495117 0.581055 1.494141 0.580078 1.493164 0.580078 1.491211 0.582031 1.490234 0.582031 1.487305 0.584961 1.485352 0.584961 1.484375 0.585938 1.484375 0.587891
1 1.783203 0.560547 1.783203 0.561523 1.785156 0.561523 1.787109 0.563477 1.787109 0.565430 1.788086 0.564453 1.789062 0.565430 1.789062 0.567383 1.790039 0.566406 1.794922 0.566406 1.795898 0.567383 1.795898 0.568359 1.796875 0.567383 1.797852 0.567383 1.798828 0.566406 1.804688 0.566406 1.804688 0.563477 1.803711 0.562500 1.804688 0.561523 1.804688 0.560547 1.803711 0.559570 1.802734 0.559570 1.801758 0.558594 1.801758 0.556641 1.798828 0.556641 1.797852 0.555664 1.796875 0.555664 1.795898 0.554688 1.794922 0.554688 1.793945 0.555664 1.786133 0.555664 1.785156 0.556641 1.785156 0.557617 1.784180 0.558594 1.784180 0.559570
1 1.758789 0.554688 1.757812 0.555664 1.757812 0.566406 1.758789 0.567383 1.759766 0.566406 1.760742 0.566406 1.760742 0.559570 1.759766 0.558594 1.759766 0.555664
1 0.643555 0.518555 0.641602 0.520508 0.640625 0.520508 0.639648 0.521484 0.640625 0.522461 0.638672 0.524414 0.637695 0.524414 0.636719 0.523438 0.637695 0.522461 0.635742 0.524414 0.635742 0.525391 0.636719 0.526367 0.635742 0.527344 0.635742 0.528320 0.631836 0.532227 0.628906 0.532227 0.627930 0.533203 0.627930 0.535156 0.626953 0.536133 0.625000 0.536133 0.624023 0.537109 0.623047 0.537109 0.623047 0.538086 0.621094 0.540039 0.620117 0.540039 0.619141 0.541016 0.619141 0.541992 0.618164 0.542969 0.618164 0.543945 0.619141 0.544922 0.619141 0.545898 0.618164 0.546875 0.618164 0.548828 0.617188 0.549805 0.616211 0.549805 0.616211 0.558594 0.615234 0.559570 0.615234 0.560547 0.614258 0.561523 0.615234 0.562500 0.615234 0.564453 0.617188 0.566406 0.618164 0.566406 0.619141 0.567383 0.619141 0.568359 0.621094 0.570312 0.621094 0.571289 0.622070 0.571289 0.623047 0.572266 0.622070 0.573242 0.623047 0.572266 0.624023 0.573242 0.624023 0.574219 0.625000 0.574219 0.625977 0.573242 0.626953 0.574219 0.626953 0.577148 0.625977 0.578125 0.625000 0.578125 0.624023 0.579102 0.624023 0.582031 0.625000 0.581055 0.627930 0.581055 0.628906 0.582031 0.629883 0.581055 0.631836 0.581055 0.633789 0.583008 0.634766 0.583008 0.635742 0.583984 0.635742 0.584961 0.636719 0.584961 0.637695 0.585938 0.637695 0.586914 0.639648 0.586914 0.640625 0.587891 0.640625 0.588867 0.641602 0.588867 0.643555 0.590820 0.643555 0.591797 0.644531 0.592773 0.643555 0.593750 0.643555 0.594727 0.642578 0.595703 0.642578 0.598633 0.641602 0.599609 0.642578 0.600586 0.642578 0.603516 0.641602 0.604492 0.641602 0.605469 0.642578 0.606445 0.642578 0.607422 0.643555 0.608398 0.642578 0.609375 0.642578 0.610352 0.643555 0.610352 0.644531 0.611328 0.643555 0.612305 0.641602 0.612305 0.641602 0.613281 0.642578 0.614258 0.642578 0.615234 0.644531 0.617188 0.644531 0.619141 0.644531 0.518555
1 1.458008 0.517578 1.458008 0.555664 1.459961 0.557617 1.459961 0.560547 1.461914 0.562500 1.465820 0.562500 1.468750 0.565430 1.468750 0.569336 1.469727 0.569336 1.470703 0.570312 1.472656 0.570312 1.473633 0.571289 1.473633 0.574219 1.474609 0.575195 1.475586 0.575195 1.476562 0.574219 1.477539 0.574219 1.479492 0.572266 1.480469 0.572266 1.480469 0.570312 1.484375 0.566406 1.485352 0.566406 1.487305 0.564453 1.487305 0.563477 1.488281 0.562500 1.489258 0.562500 1.489258 0.561523 1.491211 0.559570 1.491211 0.558594 1.492188 0.557617 1.491211 0.556641 1.491211 0.554688 1.494141 0.551758 1.493164 0.550781 1.493164 0.548828 1.492188 0.548828 1.491211 0.547852 1.491211 0.546875 1.489258 0.544922 1.490234 0.543945 1.490234 0.542969 1.491211 0.541992 1.491211 0.541016 1.492188 0.540039 1.492188 0.537109 1.490234 0.535156 1.488281 0.535156 1.487305 0.534180 1.487305 0.533203 1.485352 0.531250 1.484375 0.531250 1.483398 0.530273 1.484375 0.529297 1.484375 0.527344 1.483398 0.526367 1.483398 0.525391 1.480469 0.525391 1.479492 0.526367 1.474609 0.526367 1.473633 0.525391 1.473633 0.523438 1.472656 0.522461 1.472656 0.520508 1.470703 0.518555 1.467773 0.518555 1.466797 0.517578 1.465820 0.518555 1.464844 0.518555 1.463867 0.517578 1.460938 0.517578 1.459961 0.518555 1.458984 0.518555
1 1.035156 0.504883 1.035156 0.507812 1.036133 0.508789 1.037109 0.508789 1.038086 0.509766 1.041016 0.509766 1.041992 0.510742 1.042969 0.509766 1.043945 0.509766 1.044922 0.510742 1.045898 0.509766 1.046875 0.510742 1.046875 0.512695 1.048828 0.514648 1.047852 0.515625 1.048828 0.515625 1.049805 0.516602 1.050781 0.516602 1.052734 0.514648 1.054688 0.514648 1.054688 0.511719 1.055664 0.510742 1.055664 0.508789 1.056641 0.507812 1.056641 0.505859 1.055664 0.505859 1.054688 0.504883 1.054688 0.503906 1.053711 0.502930 1.051758 0.502930 1.050781 0.501953 1.047852 0.501953 1.046875 0.502930 1.045898 0.501953 1.040039 0.501953 1.039062 0.502930 1.038086 0.502930 1.037109 0.503906 1.036133 0.503906
1 0.013672 0.496094 0.012695 0.497070 0.012695 0.499023 0.011719 0.500000 0.010742 0.499023 0.011719 0.500000 0.010742 0.500977 0.010742 0.501953 0.011719 0.502930 0.011719 0.503906 0.013672 0.503906 0.016602 0.506836 0.015625 0.507812 0.012695 0.508789 0.010742 0.510742 0.009766 0.510742 0.008789 0.511719 0.006836 0.509766 0.005859 0.509766 0.005859 0.510742 0.004883 0.511719 0.000000 0.511719 0.000000 0.541992 0.000977 0.541992 0.002930 0.543945 0.000977 0.545898 0.000977 0.546875 0.001953 0.547852 0.001953 0.552734 0.000977 0.553711 0.001953 0.552734 0.004883 0.555664 0.006836 0.555664 0.008789 0.557617 0.006836 0.560547 0.006836 0.561523 0.007812 0.562500 0.006836 0.563477 0.006836 0.566406 0.007812 0.567383 0.007812 0.570312 0.008789 0.571289 0.007812 0.572266 0.008789 0.573242 0.008789 0.574219 0.007812 0.575195 0.007812 0.577148 0.010742 0.580078 0.010742 0.581055 0.009766 0.582031 0.011719 0.583984 0.011719 0.585938 0.014648 0.588867 0.014648 0.592773 0.016602 0.592773 0.017578 0.593750 0.020508 0.593750 0.021484 0.594727 0.022461 0.594727 0.024414 0.596680 0.026367 0.596680 0.027344 0.595703 0.028320 0.596680 0.028320 0.597656 0.029297 0.596680 0.030273 0.596680 0.031250 0.597656 0.035156 0.597656 0.036133 0.596680 0.040039 0.596680 0.042969 0.594727 0.042969 0.593750 0.043945 0.592773 0.044922 0.589844 0.045898 0.588867 0.047852 0.588867 0.049805 0.586914 0.049805 0.562500 0.048828 0.561523 0.048828 0.560547 0.049805 0.559570 0.049805 0.550781 0.048828 0.549805 0.049805 0.548828 0.049805 0.543945 0.048828 0.542969 0.049805 0.541992 0.049805 0.541016 0.048828 0.540039 0.049805 0.539062 0.048828 0.538086 0.049805 0.537109 0.049805 0.523438 0.048828 0.522461 0.049805 0.521484 0.049805 0.513672 0.048828 0.512695 0.049805 0.511719 0.049805 0.500977 0.045898 0.500977 0.044922 0.501953 0.043945 0.500977 0.042969 0.500977 0.041992 0.501953 0.041016 0.501953 0.040039 0.502930 0.038086 0.502930 0.033203 0.505859 0.032227 0.505859 0.031250 0.504883 0.026367 0.508789 0.025391 0.507812 0.024414 0.507812 0.023438 0.508789 0.023438 0.509766 0.022461 0.510742 0.021484 0.510742 0.020508 0.509766 0.018555 0.509766 0.017578 0.508789 0.018555 0.507812 0.017578 0.506836 0.018555 0.505859 0.019531 0.505859 0.018555 0.504883 0.019531 0.503906 0.019531 0.501953 0.018555 0.501953 0.016602 0.499023 0.018555 0.497070 0.018555 0.496094
1 0.000000 0.473633 0.000000 0.489258 0.000977 0.489258 0.001953 0.488281 0.002930 0.488281 0.003906 0.487305 0.004883 0.487305 0.004883 0.486328 0.005859 0.485352 0.007812 0.485352 0.007812 0.480469 0.005859 0.478516 0.005859 0.477539 0.002930 0.477539 0.000977 0.475586 0.000977 0.474609
1 1.851562 0.462891 1.854492 0.462891 1.855469 0.463867 1.860352 0.463867 1.861328 0.462891 1.861328 0.461914 1.862305 0.460938 1.862305 0.459961 1.852539 0.459961 1.852539 0.461914
1 1.833008 0.459961 1.833008 0.522461 1.834961 0.524414 1.834961 0.525391 1.835938 0.526367 1.834961 0.527344 1.834961 0.530273 1.836914 0.533203 1.836914 0.536133 1.838867 0.536133 1.838867 0.535156 1.839844 0.534180 1.846680 0.534180 1.847656 0.535156 1.847656 0.536133 1.850586 0.536133 1.852539 0.534180 1.852539 0.533203 1.853516 0.532227 1.853516 0.529297 1.855469 0.526367 1.856445 0.526367 1.857422 0.527344 1.858398 0.526367 1.859375 0.527344 1.859375 0.529297 1.860352 0.529297 1.863281 0.531250 1.865234 0.531250 1.866211 0.532227 1.867188 0.531250 1.869141 0.531250 1.870117 0.532227 1.871094 0.531250 1.872070 0.532227 1.873047 0.531250 1.874023 0.532227 1.874023 0.509766 1.869141 0.505859 1.869141 0.503906 1.867188 0.501953 1.867188 0.499023 1.865234 0.496094 1.862305 0.496094 1.861328 0.495117 1.857422 0.495117 1.856445 0.496094 1.853516 0.496094 1.853516 0.502930 1.852539 0.503906 1.851562 0.503906 1.851562 0.504883 1.852539 0.505859 1.853516 0.504883 1.854492 0.504883 1.855469 0.505859 1.855469 0.506836 1.853516 0.508789 1.852539 0.507812 1.851562 0.507812 1.850586 0.508789 1.848633 0.508789 1.846680 0.506836 1.846680 0.500977 1.845703 0.500000 1.845703 0.494141 1.844727 0.494141 1.843750 0.493164 1.845703 0.491211 1.846680 0.492188 1.847656 0.492188 1.849609 0.489258 1.850586 0.489258 1.852539 0.487305 1.853516 0.487305 1.855469 0.485352 1.854492 0.484375 1.856445 0.482422 1.860352 0.482422 1.860352 0.480469 1.861328 0.479492 1.861328 0.475586 1.860352 0.475586 1.859375 0.476562 1.856445 0.476562 1.854492 0.474609 1.854492 0.473633 1.853516 0.473633 1.852539 0.472656 1.846680 0.472656 1.845703 0.471680 1.846680 0.470703 1.845703 0.470703 1.844727 0.469727 1.843750 0.469727 1.840820 0.466797 1.843750 0.464844 1.843750 0.459961
1 1.703125 0.459961 1.700195 0.459961 1.699219 0.460938 1.698242 0.460938 1.696289 0.462891 1.694336 0.462891 1.693359 0.463867 1.692383 0.462891 1.691406 0.462891 1.689453 0.460938 1.689453 0.459961 1.681641 0.459961 1.680664 0.460938 1.680664 0.522461 1.684570 0.522461 1.686523 0.520508 1.693359 0.520508 1.694336 0.519531 1.697266 0.519531 1.701172 0.515625 1.704102 0.515625 1.705078 0.516602 1.706055 0.516602 1.707031 0.515625 1.709961 0.515625 1.713867 0.511719 1.714844 0.511719 1.715820 0.510742 1.715820 0.509766 1.716797 0.508789 1.717773 0.509766 1.718750 0.508789 1.718750 0.505859 1.722656 0.501953 1.722656 0.496094 1.721680 0.495117 1.721680 0.494141 1.722656 0.493164 1.722656 0.492188 1.720703 0.492188 1.719727 0.491211 1.719727 0.487305 1.718750 0.486328 1.718750 0.482422 1.719727 0.481445 1.719727 0.479492 1.718750 0.480469 1.717773 0.479492 1.717773 0.478516 1.718750 0.477539 1.718750 0.473633 1.717773 0.474609 1.715820 0.472656 1.715820 0.471680 1.713867 0.469727 1.712891 0.469727 1.709961 0.466797 1.709961 0.465820 1.708008 0.463867 1.707031 0.463867
1 1.314453 0.459961 1.313477 0.472656 1.311523 0.473633 1.311523 0.592773 1.262695 0.593750 1.260742 0.595703 1.266602 0.598633 1.283203 0.598633 1.285156 0.596680 1.290039 0.595703 1.291016 0.593750 1.294922 0.593750 1.299805 0.597656 1.300781 0.602539 1.293945 0.614258 1.291992 0.614258 1.290039 0.610352 1.289062 0.611328 1.285156 0.606445 1.281250 0.604492 1.280273 0.607422 1.273438 0.613281 1.271484 0.621094 1.274414 0.620117 1.279297 0.622070 1.279297 0.624023 1.281250 0.625000 1.281250 0.633789 1.285156 0.634766 1.286133 0.632812 1.288086 0.632812 1.289062 0.627930 1.291992 0.626953 1.291016 0.623047 1.292969 0.621094 1.291992 0.620117 1.294922 0.619141 1.294922 0.615234 1.303711 0.625000 1.309570 0.626953 1.309570 0.628906 1.303711 0.632812 1.303711 0.636719 1.305664 0.638672 1.305664 0.641602 1.307617 0.642578 1.305664 0.644531 1.302734 0.643555 1.299805 0.639648 1.295898 0.638672 1.289062 0.643555 1.284180 0.643555 1.280273 0.647461 1.279297 0.665039 1.277344 0.666992 1.280273 0.666016 1.287109 0.669922 1.290039 0.676758 1.291992 0.675781 1.294922 0.681641 1.292969 0.682617 1.299805 0.688477 1.299805 0.690430 1.307617 0.693359 1.308594 0.696289 1.309570 0.695312 1.313477 0.698242 1.318359 0.697266 1.318359 0.687500 1.316406 0.685547 1.324219 0.680664 1.329102 0.679688 1.331055 0.683594 1.331055 0.688477 1.336914 0.694336 1.336914 0.700195 1.339844 0.706055 1.339844 0.710938 1.341797 0.710938 1.348633 0.718750 1.348633 0.725586 1.371094 0.725586 1.366211 0.716797 1.367188 0.714844 1.374023 0.716797 1.379883 0.721680 1.380859 0.725586 1.387695 0.725586 1.387695 0.459961
1 1.129883 0.459961 1.083008 0.459961 1.083008 0.592773 1.085938 0.594727 1.083008 0.595703 1.083008 0.637695 1.083984 0.638672 1.083008 0.641602 1.083008 0.710938 1.084961 0.709961 1.088867 0.702148 1.087891 0.694336 1.088867 0.693359 1.089844 0.694336 1.089844 0.691406 1.102539 0.678711 1.101562 0.675781 1.104492 0.673828 1.104492 0.670898 1.111328 0.669922 1.111328 0.667969 1.117188 0.662109 1.118164 0.663086 1.122070 0.656250 1.121094 0.655273 1.122070 0.651367 1.118164 0.648438 1.119141 0.647461 1.122070 0.648438 1.128906 0.638672 1.124023 0.635742 1.125000 0.634766 1.122070 0.635742 1.121094 0.633789 1.127930 0.630859 1.128906 0.631836 1.131836 0.628906 1.135742 0.632812 1.136719 0.630859 1.138672 0.630859 1.141602 0.625000 1.142578 0.617188 1.145508 0.613281 1.144531 0.612305 1.150391 0.603516 1.156250 0.601562 1.161133 0.605469 1.165039 0.605469 1.167969 0.609375 1.173828 0.608398 1.177734 0.610352 1.178711 0.609375 1.179688 0.611328 1.185547 0.609375 1.208008 0.611328 1.209961 0.610352 1.210938 0.603516 1.209961 0.602539 1.212891 0.598633 1.220703 0.594727 1.226562 0.594727 1.232422 0.596680 1.236328 0.595703 1.235352 0.593750 1.158203 0.593750 1.156250 0.591797 1.157227 0.577148 1.156250 0.576172 1.157227 0.560547 1.156250 0.559570 1.157227 0.549805 1.156250 0.507812 1.154297 0.506836 1.154297 0.509766 1.150391 0.514648 1.138672 0.520508 1.137695 0.519531 1.132812 0.520508 1.129883 0.517578 1.129883 0.514648 1.127930 0.513672 1.128906 0.511719 1.125977 0.509766 1.125977 0.507812 1.119141 0.504883 1.115234 0.500000 1.116211 0.495117 1.120117 0.491211 1.113281 0.483398 1.104492 0.478516 1.105469 0.476562 1.103516 0.475586 1.107422 0.471680 1.106445 0.468750 1.109375 0.465820 1.112305 0.465820 1.113281 0.466797 1.112305 0.467773 1.114258 0.468750 1.113281 0.471680 1.115234 0.476562 1.114258 0.478516 1.118164 0.478516 1.123047 0.470703 1.124023 0.465820 1.127930 0.461914 1.128906 0.462891
1 0.711914 0.459961 0.711914 0.588867 0.717773 0.589844 0.711914 0.596680 0.711914 0.687500 0.718750 0.693359 0.719727 0.697266 0.716797 0.697266 0.727539 0.720703 0.733398 0.722656 0.734375 0.716797 0.741211 0.711914 0.738281 0.708008 0.731445 0.708984 0.730469 0.700195 0.734375 0.700195 0.734375 0.690430 0.728516 0.684570 0.736328 0.670898 0.752930 0.658203 0.751953 0.650391 0.760742 0.640625 0.753906 0.632812 0.762695 0.627930 0.768555 0.633789 0.781250 0.605469 0.787109 0.602539 0.787109 0.605469 0.789062 0.603516 0.794922 0.607422 0.797852 0.603516 0.800781 0.608398 0.805664 0.606445 0.811523 0.610352 0.829102 0.611328 0.831055 0.614258 0.827148 0.618164 0.836914 0.625977 0.847656 0.621094 0.884766 0.650391 0.879883 0.661133 0.889648 0.670898 0.897461 0.669922 0.903320 0.675781 0.913086 0.675781 0.916016 0.670898 0.929688 0.689453 0.928711 0.692383 0.932617 0.691406 0.934570 0.696289 0.938477 0.695312 0.942383 0.699219 0.941406 0.707031 0.950195 0.707031 0.949219 0.699219 0.957031 0.688477 0.965820 0.698242 0.964844 0.701172 0.970703 0.703125 0.968750 0.706055 0.971680 0.706055 0.980469 0.720703 1.000977 0.725586 0.993164 0.715820 0.992188 0.708984 0.980469 0.697266 0.981445 0.693359 0.996094 0.685547 0.999023 0.689453 0.996094 0.700195 0.998047 0.708984 1.011719 0.717773 1.009766 0.720703 1.012695 0.725586 1.018555 0.725586 1.018555 0.459961 0.942383 0.459961 0.942383 0.592773 0.890625 0.593750 0.898438 0.599609 0.913086 0.600586 0.904297 0.612305 0.904297 0.619141 0.912109 0.624023 0.913086 0.634766 0.918945 0.634766 0.926758 0.620117 0.936523 0.627930 0.931641 0.639648 0.925781 0.637695 0.910156 0.646484 0.904297 0.640625 0.898438 0.641602 0.891602 0.624023 0.886719 0.625977 0.878906 0.622070 0.877930 0.616211 0.882812 0.614258 0.876953 0.607422 0.867188 0.604492 0.846680 0.611328 0.840820 0.609375 0.839844 0.602539 0.846680 0.597656 0.865234 0.597656 0.866211 0.593750 0.788086 0.593750 0.787109 0.504883 0.781250 0.506836 0.779297 0.512695 0.774414 0.511719 0.767578 0.520508 0.763672 0.519531 0.763672 0.514648 0.750000 0.501953 0.752930 0.488281 0.746094 0.484375 0.764648 0.459961
1 0.342773 0.459961 0.342773 0.584961 0.344727 0.584961 0.347656 0.587891 0.355469 0.588867 0.357422 0.592773 0.359375 0.592773 0.362305 0.587891 0.362305 0.583984 0.363281 0.583008 0.361328 0.579102 0.362305 0.577148 0.367188 0.580078 0.369141 0.580078 0.373047 0.583008 0.374023 0.584961 0.375977 0.582031 0.379883 0.588867 0.379883 0.591797 0.375000 0.594727 0.375977 0.601562 0.375000 0.602539 0.372070 0.600586 0.369141 0.602539 0.367188 0.601562 0.365234 0.603516 0.366211 0.605469 0.364258 0.607422 0.364258 0.609375 0.366211 0.610352 0.368164 0.608398 0.372070 0.609375 0.375000 0.615234 0.374023 0.617188 0.375977 0.617188 0.379883 0.614258 0.380859 0.604492 0.381836 0.602539 0.384766 0.601562 0.385742 0.599609 0.386719 0.593750 0.384766 0.592773 0.387695 0.589844 0.388672 0.586914 0.391602 0.586914 0.392578 0.587891 0.397461 0.586914 0.398438 0.587891 0.397461 0.588867 0.398438 0.593750 0.396484 0.594727 0.398438 0.594727 0.399414 0.596680 0.405273 0.594727 0.408203 0.594727 0.409180 0.595703 0.410156 0.594727 0.410156 0.591797 0.412109 0.589844 0.416992 0.588867 0.418945 0.586914 0.417969 0.583984 0.418945 0.581055 0.416992 0.579102 0.416992 0.575195 0.416016 0.574219 0.418945 0.573242 0.418945 0.552734 0.417969 0.551758 0.418945 0.550781 0.418945 0.541992 0.417969 0.541016 0.418945 0.539062 0.418945 0.530273 0.417969 0.529297 0.418945 0.526367 0.418945 0.522461 0.417969 0.521484 0.418945 0.520508 0.417969 0.517578 0.417969 0.514648 0.418945 0.513672 0.418945 0.502930 0.416016 0.501953 0.415039 0.502930 0.416016 0.503906 0.413086 0.504883 0.412109 0.506836 0.413086 0.510742 0.409180 0.515625 0.408203 0.514648 0.407227 0.515625 0.404297 0.514648 0.402344 0.516602 0.402344 0.519531 0.398438 0.521484 0.396484 0.518555 0.395508 0.519531 0.392578 0.515625 0.393555 0.513672 0.391602 0.509766 0.389648 0.510742 0.387695 0.507812 0.384766 0.507812 0.383789 0.506836 0.383789 0.504883 0.381836 0.501953 0.381836 0.496094 0.383789 0.492188 0.383789 0.487305 0.378906 0.483398 0.376953 0.484375 0.375000 0.483398 0.374023 0.481445 0.371094 0.479492 0.370117 0.480469 0.367188 0.480469 0.364258 0.476562 0.365234 0.472656 0.371094 0.465820 0.373047 0.465820 0.374023 0.466797 0.374023 0.471680 0.375977 0.476562 0.377930 0.478516 0.380859 0.479492 0.381836 0.475586 0.385742 0.473633 0.386719 0.469727 0.389648 0.465820 0.394531 0.463867 0.395508 0.459961
1 0.213867 0.459961 0.212891 0.460938 0.212891 0.462891 0.211914 0.463867 0.211914 0.466797 0.210938 0.467773 0.210938 0.468750 0.212891 0.470703 0.210938 0.472656 0.209961 0.472656 0.209961 0.473633 0.214844 0.478516 0.215820 0.477539 0.216797 0.477539 0.217773 0.478516 0.219727 0.478516 0.220703 0.479492 0.223633 0.479492 0.224609 0.478516 0.225586 0.479492 0.225586 0.481445 0.227539 0.483398 0.227539 0.485352 0.225586 0.487305 0.225586 0.488281 0.224609 0.489258 0.221680 0.490234 0.221680 0.494141 0.219727 0.496094 0.219727 0.498047 0.218750 0.499023 0.219727 0.500000 0.219727 0.502930 0.215820 0.506836 0.214844 0.506836 0.213867 0.509766 0.211914 0.511719 0.211914 0.512695 0.212891 0.512695 0.214844 0.514648 0.214844 0.515625 0.217773 0.518555 0.217773 0.520508 0.216797 0.521484 0.216797 0.522461 0.215820 0.523438 0.212891 0.523438 0.208008 0.519531 0.205078 0.519531 0.205078 0.520508 0.204102 0.521484 0.204102 0.526367 0.205078 0.527344 0.206055 0.527344 0.207031 0.528320 0.207031 0.529297 0.208984 0.529297 0.209961 0.530273 0.208008 0.532227 0.208008 0.534180 0.207031 0.535156 0.207031 0.536133 0.208008 0.537109 0.208008 0.540039 0.208984 0.541016 0.208008 0.541992 0.208008 0.542969 0.208984 0.542969 0.210938 0.544922 0.211914 0.544922 0.214844 0.547852 0.214844 0.548828 0.217773 0.551758 0.217773 0.552734 0.218750 0.553711 0.219727 0.553711 0.221680 0.555664 0.221680 0.556641 0.223633 0.556641 0.225586 0.558594 0.225586 0.559570 0.226562 0.559570 0.228516 0.561523 0.231445 0.560547 0.234375 0.562500 0.237305 0.562500 0.238281 0.561523 0.241211 0.561523 0.242188 0.562500 0.243164 0.562500 0.246094 0.559570 0.249023 0.559570 0.250000 0.560547 0.251953 0.560547 0.253906 0.562500 0.254883 0.561523 0.255859 0.562500 0.256836 0.562500 0.258789 0.564453 0.260742 0.564453 0.261719 0.563477 0.262695 0.563477 0.264648 0.560547 0.264648 0.558594 0.263672 0.557617 0.263672 0.556641 0.266602 0.553711 0.266602 0.552734 0.265625 0.551758 0.266602 0.550781 0.269531 0.550781 0.269531 0.459961
1 0.000000 0.453125 0.000000 0.458984 0.003906 0.458984 0.004883 0.458008 0.004883 0.456055 0.001953 0.456055 0.000977 0.455078 0.001953 0.454102 0.000977 0.453125
1 0.469727 0.443359 0.467773 0.443359 0.465820 0.441406 0.464844 0.441406 0.463867 0.440430 0.459961 0.440430 0.458984 0.441406 0.458008 0.441406 0.458008 0.442383 0.457031 0.443359 0.457031 0.445312 0.456055 0.446289 0.456055 0.447266 0.455078 0.448242 0.454102 0.448242 0.454102 0.451172 0.455078 0.452148 0.456055 0.452148 0.457031 0.451172 0.458008 0.451172 0.458984 0.452148 0.460938 0.452148 0.462891 0.450195 0.465820 0.450195 0.466797 0.449219 0.468750 0.449219 0.469727 0.448242
1 0.615234 0.439453 0.615234 0.441406 0.614258 0.442383 0.614258 0.444336 0.615234 0.445312 0.615234 0.446289 0.616211 0.447266 0.617188 0.447266 0.618164 0.448242 0.620117 0.448242 0.621094 0.447266 0.622070 0.447266 0.623047 0.446289 0.623047 0.445312 0.622070 0.444336 0.622070 0.443359 0.621094 0.442383 0.621094 0.441406 0.619141 0.441406 0.617188 0.439453
1 0.617188 0.431641 0.617188 0.435547 0.619141 0.437500 0.619141 0.438477 0.621094 0.438477 0.623047 0.440430 0.625977 0.440430 0.626953 0.439453 0.626953 0.438477 0.625977 0.437500 0.625977 0.436523 0.622070 0.432617 0.620117 0.432617 0.619141 0.431641
1 1.260742 0.429688 1.260742 0.433594 1.261719 0.434570 1.265625 0.434570 1.266602 0.435547 1.266602 0.436523 1.267578 0.436523 1.268555 0.437500 1.270508 0.437500 1.271484 0.436523 1.272461 0.437500 1.273438 0.436523 1.273438 0.435547 1.272461 0.434570 1.272461 0.431641 1.271484 0.430664 1.271484 0.429688 1.269531 0.429688 1.268555 0.428711 1.268555 0.427734 1.267578 0.427734 1.265625 0.429688 1.264648 0.429688 1.263672 0.428711 1.262695 0.428711 1.261719 0.429688
1 1.130859 0.427734 1.130859 0.429688 1.134766 0.429688 1.135742 0.428711 1.135742 0.427734 1.134766 0.426758 1.131836 0.426758
1 1.458008 0.421875 1.458984 0.420898 1.460938 0.420898 1.461914 0.419922 1.462891 0.419922 1.462891 0.418945 1.463867 0.417969 1.458008 0.417969
1 1.127930 0.422852 1.129883 0.424805 1.136719 0.424805 1.137695 0.423828 1.137695 0.421875 1.136719 0.420898 1.136719 0.419922 1.135742 0.418945 1.135742 0.417969 1.129883 0.417969 1.129883 0.421875 1.128906 0.422852
1 0.948242 0.424805 0.949219 0.424805 0.950195 0.423828 0.951172 0.423828 0.952148 0.422852 0.954102 0.422852 0.955078 0.421875 0.956055 0.421875 0.958008 0.419922 0.958984 0.419922 0.958984 0.417969 0.949219 0.417969 0.949219 0.418945 0.947266 0.420898 0.948242 0.421875