2 0.633789 0.808594 0.633789 0.826172 0.634766 0.827148 0.634766 0.809570
2 0.588867 0.807617 0.588867 0.825195 0.589844 0.825195 0.589844 0.808594
2 0.625000 0.805664 0.625000 0.821289 0.625977 0.822266 0.625977 0.805664
2 0.582031 0.802734 0.582031 0.819336 0.583008 0.820312 0.583008 0.802734
2 1.635742 0.761719 1.635742 0.762695 1.636719 0.763672 1.635742 0.764648 1.634766 0.764648 1.634766 0.766602 1.635742 0.767578 1.635742 0.768555 1.637695 0.768555 1.637695 0.765625 1.636719 0.765625 1.635742 0.764648 1.636719 0.763672 1.637695 0.763672 1.637695 0.762695 1.636719 0.761719
2 0.625000 0.747070 0.625000 0.764648 0.625977 0.764648 0.625977 0.748047
2 0.582031 0.745117 0.582031 0.761719 0.583008 0.761719 0.583008 0.748047 0.582031 0.747070
2 0.618164 0.734375 0.618164 0.736328 0.617188 0.737305 0.617188 0.765625 0.618164 0.766602
2 0.576172 0.731445 0.575195 0.732422 0.575195 0.762695 0.576172 0.763672
2 0.634766 0.664062 0.634766 0.666016 0.633789 0.666992 0.633789 0.679688 0.634766 0.680664
2 0.589844 0.664062 0.589844 0.666016 0.588867 0.666992 0.588867 0.679688 0.589844 0.680664
2 0.641602 0.663086 0.641602 0.690430 0.642578 0.691406 0.642578 0.692383 0.642578 0.663086
2 0.595703 0.663086 0.595703 0.690430 0.596680 0.691406 0.596680 0.692383 0.596680 0.663086