2 1.637695 0.958984 1.635742 0.960938 1.634766 0.960938 1.634766 0.962891 1.635742 0.963867 1.636719 0.963867 1.637695 0.964844
2 1.648438 0.956055 1.648438 0.957031 1.649414 0.957031 1.650391 0.958008 1.649414 0.958984 1.648438 0.958984 1.648438 0.959961 1.649414 0.960938 1.648438 0.961914 1.648438 0.965820 1.649414 0.966797 1.648438 0.967773 1.648438 0.968750 1.649414 0.969727 1.649414 0.968750 1.650391 0.967773 1.651367 0.968750 1.651367 0.970703 1.651367 0.967773 1.650391 0.967773 1.648438 0.965820 1.648438 0.964844 1.649414 0.963867 1.651367 0.965820 1.651367 0.962891 1.650391 0.961914 1.651367 0.960938 1.651367 0.958984 1.650391 0.958008 1.651367 0.957031 1.651367 0.956055
2 1.678711 0.871094 1.678711 0.872070 1.677734 0.873047 1.676758 0.873047 1.676758 0.880859 1.677734 0.879883 1.679688 0.881836 1.679688 0.882812 1.678711 0.883789 1.677734 0.883789 1.676758 0.882812 1.676758 0.884766 1.677734 0.885742 1.676758 0.886719 1.677734 0.887695 1.677734 0.890625 1.678711 0.891602 1.679688 0.891602 1.679688 0.888672 1.678711 0.887695 1.679688 0.886719 1.679688 0.877930 1.678711 0.876953 1.679688 0.875977 1.678711 0.875000 1.678711 0.874023 1.679688 0.873047 1.679688 0.872070
2 0.588867 0.166016 0.588867 0.184570 0.589844 0.184570 0.589844 0.166992
2 0.633789 0.165039 0.633789 0.182617 0.634766 0.183594 0.634766 0.166016
2 0.583008 0.163086 0.582031 0.164062 0.582031 0.179688 0.583008 0.180664
2 0.625000 0.160156 0.625000 0.175781 0.625977 0.176758 0.625977 0.160156
2 0.582031 0.105469 0.582031 0.123047 0.583008 0.122070 0.583008 0.108398 0.582031 0.107422
2 0.625000 0.100586 0.625000 0.119141 0.625977 0.119141 0.625977 0.102539 0.625000 0.101562
2 0.576172 0.093750 0.576172 0.094727 0.575195 0.095703 0.575195 0.125000 0.576172 0.125977
2 0.618164 0.087891 0.618164 0.088867 0.617188 0.089844 0.617188 0.118164 0.618164 0.119141
2 0.589844 0.022461 0.589844 0.025391 0.588867 0.026367 0.588867 0.039062 0.589844 0.039062
2 0.641602 0.021484 0.641602 0.048828 0.642578 0.049805 0.642578 0.050781 0.642578 0.021484
2 0.634766 0.020508 0.634766 0.022461 0.633789 0.023438 0.633789 0.036133 0.634766 0.037109 0.634766 0.038086
2 0.595703 0.020508 0.595703 0.047852 0.596680 0.048828 0.596680 0.049805 0.596680 0.020508