2 0.633789 0.487305 0.633789 0.504883 0.634766 0.504883 0.634766 0.487305
2 0.588867 0.486328 0.588867 0.504883 0.589844 0.504883 0.589844 0.488281 0.588867 0.487305
2 0.625977 0.482422 0.625000 0.483398 0.625000 0.499023 0.625977 0.500000
2 0.583008 0.482422 0.582031 0.483398 0.582031 0.500000 0.583008 0.500000
2 0.582031 0.425781 0.582031 0.442383 0.583008 0.441406 0.583008 0.428711 0.582031 0.427734
2 0.625000 0.423828 0.625000 0.442383 0.625977 0.441406 0.625977 0.424805
2 0.576172 0.412109 0.576172 0.413086 0.575195 0.414062 0.575195 0.443359 0.576172 0.444336
2 0.618164 0.411133 0.618164 0.413086 0.617188 0.414062 0.617188 0.441406 0.618164 0.442383
2 0.589844 0.343750 0.589844 0.345703 0.588867 0.346680 0.588867 0.359375 0.589844 0.359375
2 0.634766 0.342773 0.634766 0.344727 0.633789 0.345703 0.633789 0.358398 0.634766 0.359375
2 0.641602 0.341797 0.641602 0.369141 0.642578 0.370117 0.642578 0.372070 0.642578 0.342773
2 0.595703 0.341797 0.595703 0.369141 0.596680 0.370117 0.596680 0.371094 0.596680 0.341797
2 1.637695 0.309570 1.636719 0.310547 1.635742 0.310547 1.635742 0.311523 1.634766 0.312500 1.635742 0.313477 1.634766 0.314453 1.634766 0.315430 1.635742 0.316406 1.635742 0.317383 1.636719 0.318359 1.637695 0.318359 1.636719 0.317383 1.637695 0.316406 1.637695 0.313477 1.636719 0.312500 1.637695 0.311523